3827.50185516 
3827.71103877 
3827.82245281 
3828.38461965 
3829.03936142 
3830.06043495 
3830.39309246 
3830.77369550 
3830.94591572 
3831.63943440 
3831.73629721 
3832.58301205 
3832.78884253 
3832.97173497 
3833.08578432 
3834.22259971 
3834.26857776 
3834.67823923 
3835.34767215 
3835.41409488 
3835.71052779 
3835.95927211 
3836.01332505 
3836.21345701 
3836.54012206 
3836.58548726 
3836.72111699 
3836.84145469 
3837.02439812 
3837.29475481 
3837.34422195 
3837.87548479 
3840.37940658 
3840.43075223 
3840.61473338 
3840.80012716 
3841.04931235 
3841.51852831 
3841.96032041 
3842.55025497 
3842.74302783 
3842.80411094 
3842.89793254 
3843.02006577 
3843.50868668 
3844.56357029 
3844.73115370 
3844.93295920 
3845.09251670 
3845.30671998 
3845.40551128 
3845.53404585 
3846.24900387 
3846.62676061 
3846.83573724 
3846.88726684 
3847.61932441 
3848.62909072 
3849.06012059 
3849.18234979 
3849.91126416 
3849.96783245 
3850.13315444 
3850.28332637 
3850.58147780 
3851.07459851 
3851.15851668 
3852.13516758 
3852.95863033 
3853.79125070 
3853.82898488 
3854.12713331 
3854.51025662 
3854.87650933 
3854.92913763 
3855.06608100 
3855.15891285 
3856.51828913 
3856.62357474 
3856.74855022 
3857.50812357 
3858.90346247 
3858.93172811 
3862.65805937 
3862.70612886 
3863.40594573 
3864.26761447 
3864.83745616 
3864.97130632 
3866.06980840 
3866.27910393 
3866.90836714 
3867.57832076 
3867.85210849 
3868.25526855 
3868.52862440 
3869.40242394 
3869.66326205 
3870.17964663 
3871.07134550 
3871.45564946 
3871.61676252 
3872.13734200 
3872.35960014 
3872.50410252 
3872.67114803 
3872.72233071 
3872.86194336 
3873.14790292 
3873.41881439 
3873.47397503 
3873.82210240 
3874.24373663 
3874.86234158 
3874.97851034 
3875.26509372 
3875.37341352 
3875.64647743 
3875.96590527 
3876.45305243 
3877.42288192 
3877.46285952 
3877.55585230 
3877.60956632 
3878.16003699 
3878.32361340 
3878.50915309 
3878.57337637 
3878.66235320 
3878.71700397 
3879.26871132 
3879.44770071 
3879.64413756 
3879.89281681 
3879.98444695 
3880.19418034 
3880.33253032 
3881.49894959 
3882.14412858 
3882.32398275 
3883.76792373 
3884.52397084 
3884.62855861 
3884.81997976 
3885.06712240 
3885.22487831 
3885.40469348 
3885.76840476 
3886.00493616 
3886.63047725 
3886.91633980 
3887.02049467 
3889.54241584 
3889.60927743 
3889.90625908 
3891.20485884 
3891.40179354 
3891.52013572 
3891.72616605 
3891.97925813 
3892.21129868 
3892.30721670 
3892.61969631 
3892.70882609 
3893.34432655 
3893.65191643 
3893.81458905 
3894.40867830 
3894.66004882 
3895.25085891 
3895.41926404 
3895.65607435 
3896.16693827 
3896.27468420 
3897.31667575 
3897.61218976 
3897.77805155 
3898.35355862 
3898.43734879 
3898.50864022 
3898.79570143 
3899.70901649 
3899.87745860 
3900.57726727 
3900.62667240 
3900.87814488 
3901.15256338 
3901.66191568 
3902.17096204 
3902.78913598 
3902.94525730 
3903.10228638 
3903.30819673 
3903.48153157 
3903.91580341 
3904.00371450 
3904.08227903 
3905.18601843 
3905.29548091 
3905.35710685 
3905.80639678 
3906.30827700 
3906.47885555 
3907.16015001 
3907.54330516 
3908.74839912 
3908.98021571 
3909.13864642 
3910.52106815 
3910.77358634 
3910.97692635 
3911.01447156 
3911.52151742 
3911.57620916 
3911.90918138 
3911.95303295 
3912.21049985 
3912.28213818 
3912.49066783 
3913.00527571 
3913.08247459 
3913.64543786 
3913.82363642 
3913.86479969 
3914.16487648 
3914.29080366 
3914.76825521 
3915.29455403 
3915.84855264 
3916.41743635 
3916.59834620 
3916.72433836 
3916.79661752 
3917.26901138 
3917.76765440 
3918.00765684 
3918.07012056 
3918.50143413 
3918.93384341 
3919.02331009 
3919.27524042 
3919.32676999 
3919.46011323 
3919.97963680 
3920.05701663 
3920.22358221 
3920.25841313 
3920.31269997 
3920.44164036 
3920.95350992 
3921.21147367 
3921.39459194 
3921.45334962 
3921.53862339 
3921.72023704 
3921.78012643 
3922.21715150 
3922.74676243 
3922.91184539 
3923.79940000 
3924.40436728 
3925.09368056 
3925.21868197 
3925.59663243 
3925.71916249 
3926.04574634 
3926.70562229 
3926.86384904 
3927.17635056 
3927.33940904 
3927.42130669 
3927.80616434 
3927.91960376 
3928.06168472 
3928.30565110 
3928.62357421 
3928.86388655 
3929.29016940 
3929.39633071 
3929.66920256 
3929.97142376 
3930.65820767 
3931.08507836 
3931.42912565 
3931.50740024 
3931.99785134 
3932.22649772 
3932.54685518 
3932.91133213 
3933.03447302 
3933.08901780 
3933.18438393 
3933.23774001 
3933.35469451 
3933.66119858 
3933.96996906 
3934.06047946 
3934.27558336 
3934.79750625 
3935.94037520 
3936.02605886 
3936.29588349 
3936.35369941 
3937.03989145 
3937.28827167 
3937.36606138 
3937.86005454 
3937.92423580 
3938.09534218 
3938.15154352 
3938.42246686 
3938.61371498 
3938.68427157 
3938.72754029 
3938.78139324 
3939.15448993 
3939.31871110 
3939.53811588 
3940.19668510 
3940.70534043 
3940.84150492 
3941.13532528 
3941.23233198 
3941.72621715 
3942.35861620 
3942.55602970 
3942.85307822 
3942.90781294 
3942.98956562 
3943.17231895 
3943.25959518 
3943.39417408 
3943.45962700 
3943.60471216 
3943.69037481 
3944.00650035 
3945.13650058 
3945.20614041 
3945.50735384 
3945.82029420 
3946.09721896 
3946.14836162 
3946.39192508 
3946.48239848 
3947.13570905 
3947.33060020 
3947.50460681 
3947.65219531 
3947.79798527 
3948.03046162 
3948.13439151 
3949.46950220 
3950.39539663 
3950.80494078 
3951.10744786 
3951.16114285 
3952.85912583 
3953.33798288 
3953.44458407 
3953.67763526 
3954.06998089 
3954.12986427 
3954.72784524 
3954.92770709 
3955.16966995 
3955.25593444 
3955.89083877 
3956.00472305 
3956.10447902 
3956.17960742 
3956.48180856 
3956.59286358 
3956.69020318 
3957.05727140 
3957.15502089 
3957.60249213 
3957.63152955 
3957.79817106 
3958.23755340 
3958.37960634 
3958.92731941 
3959.22140466 
3959.29994117 
3959.60090762 
3960.26852340 
3960.48965169 
3961.71458502 
3962.09866778 
3962.41943806 
3963.22039102 
3964.02996773 
3964.32919263 
3964.45079490 
3964.72835945 
3964.86673334 
3965.48291051 
3966.05288875 
3966.33380542 
3966.96423087 
3967.39211219 
3967.72543819 
3967.79491705 
3968.35945869 
3969.00232189 
3969.66521385 
3970.23071623 
3970.69135599 
3971.13670374 
3971.18733552 
3971.92494597 
3972.15433808 
3972.63930048 
3972.94250533 
3973.19686893 
3973.33263248 
3973.51215162 
3973.69143082 
3974.22475658 
3974.47656685 
3974.75850224 
3974.82873291 
3975.08558285 
3975.22026869 
3975.83470627 
3975.92153460 
3976.15420886 
3976.41477883 
3976.47332055 
3976.52491308 
3977.74187434 
3979.04081620 
3979.35577896 
3979.60906283 
3979.71599891 
3979.95642113 
3980.08934643 
3980.75451674 
3981.10643785 
3981.82819739 
3982.10266172 
3982.22852586 
3982.48027712 
3982.60644817 
3982.89506281 
3983.01071261 
3983.17412494 
3984.09482752 
3984.37430054 
3984.87945062 
3985.41044296 
3986.07559626 
3986.21818202 
3986.41234732 
3987.55457402 
3987.70554959 
3987.76687058 
3987.86724936 
3988.15782448 
3988.60008198 
3988.84514498 
3989.45255834 
3990.49244175 
3990.89290916 
3991.20925953 
3991.43885357 
3991.61976431 
3991.73107524 
3991.83137804 
3992.05355401 
3992.27348557 
3993.29913968 
3993.51451542 
3993.72378276 
3993.83096777 
3994.54953408 
3994.79209072 
3995.33055207 
3995.95547683 
3996.06165910 
3996.19842437 
3996.31101896 
3996.43114958 
3996.50957309 
3996.66956230 
3996.93064810 
3997.01664764 
3997.10979630 
3997.17443742 
3997.34554672 
3997.38890239 
3997.46652312 
3997.86573983 
3997.97753263 
3998.06143371 
3998.65621834 
3998.73334119 
3998.80161735 
3998.95236397 
3999.02517795 
3999.25212067 
4000.28045403 
4000.44478310 
4000.74686618 
4001.05799090 
4001.13801499 
4001.46828471 
4001.73435520 
4001.82187833 
4001.89361459 
4001.99220583 
4002.53838114 
4003.10572792 
4003.57457542 
4003.65149733 
4004.65099619 
4005.09297471 
4005.24119699 
4005.30140725 
4005.36215538 
4005.52901379 
4005.57492079 
4005.96190368 
4006.38068926 
4006.73140462 
4006.93633008 
4007.01950435 
4007.06528339 
4007.78649494 
4007.84729305 
4007.94464262 
4008.21028820 
4009.72371874 
4009.78620941 
4009.81974565 
4010.29301798 
4011.20965945 
4011.59168262 
4012.19258459 
4012.49542146 
4013.85674970 
4013.91409172 
4014.71634206 
4016.11411276 
4016.21696488 
4016.30036808 
4016.64242169 
4016.69197674 
4017.06279082 
4017.13615165 
4017.25820675 
4018.35325355 
4018.50960069 
4019.12880685 
4019.36984984 
4019.46721540 
4020.35394163 
4020.60853608 
4021.14937972 
4021.75057558 
4024.00609000 
4024.17175670 
4024.80222989 
4024.99988522 
4025.61796565 
4025.65566079 
4025.88612055 
4025.94117416 
4026.74915794 
4026.95299065 
4027.00878107 
4027.30016389 
4027.34105620 
4027.42697574 
4027.48603330 
4027.54620157 
4027.65077823 
4028.28440959 
4028.33427855 
4028.39109769 
4028.53791431 
4028.58644463 
4028.63412316 
4028.69857231 
4029.32084663 
4029.52030148 
4029.65757060 
4029.82613653 
4030.21401912 
4030.29263257 
4030.84243582 
4032.59573642 
4033.76968048 
4033.80808944 
4033.90634475 
4034.24628287 
4034.60185889 
4034.87640411 
4034.92186122 
4034.96962373 
4035.35323843 
4035.46043740 
4035.73070273 
4035.83194126 
4035.93424051 
4036.04786380 
4036.36101592 
4036.56544946 
4037.56201487 
4037.65989628 
4038.22919041 
4038.45691087 
4038.63833543 
4038.80485688 
4038.96166887 
4039.02308781 
4039.27001924 
4039.86561649 
4040.39289361 
4040.91630673 
4040.97344279 
4041.20339565 
4042.18100899 
4042.26895199 
4042.89435843 
4043.13026674 
4043.39504649 
4044.41804195 
4044.92678089 
4045.22671545 
4045.62756661 
4045.67615290 
4045.96543624 
4046.25180934 
4046.82516539 
4047.05999097 
4048.28761488 
4048.43324679 
4048.50396129 
4049.94457248 
4050.88722890 
4051.11648594 
4051.18950284 
4051.39022333 
4051.49915584 
4051.91395234 
4052.92100990 
4053.67578646 
4053.84088627 
4054.30200265 
4054.52632696 
4055.65820186 
4055.90663187 
4056.00764245 
4056.40129746 
4056.63593108 
4057.32707727 
4057.43065917 
4057.47696605 
4057.94088868 
4058.68235670 
4058.93474367 
4059.25286144 
4059.50388776 
4060.06178880 
4061.62502280 
4061.77450769 
4061.87024863 
4062.08282202 
4062.75312263 
4063.40707253 
4063.59385965 
4063.69186901 
4063.83556641 
4064.33156063 
4064.99184185 
4065.11029986 
4065.55114350 
4065.61715923 
4065.69373919 
4065.88925803 
4066.16915979 
4066.43395850 
4066.82234587 
4066.96286210 
4067.45097837 
4067.87673995 
4068.47156629 
4068.70423141 
4069.10961232 
4069.20192017 
4069.30192400 
4069.76084990 
4070.04064468 
4070.11610793 
4070.23815999 
4070.31824803 
4071.33326840 
4071.55478843 
4072.38482020 
4072.90867110 
4073.00568571 
4073.38287799 
4073.52565562 
4073.71082916 
4073.85632908 
4073.96212039 
4074.04908763 
4074.43823378 
4074.49334236 
4074.64192347 
4075.39632502 
4075.50300410 
4075.60401367 
4075.71166249 
4075.90716432 
4076.62874546 
4076.94334411 
4077.56618409 
4077.62244337 
4077.87010054 
4077.97908002 
4078.22522059 
4078.30140165 
4078.65943793 
4078.78709952 
4078.87505150 
4079.13527838 
4080.22675768 
4080.29323028 
4080.35820427 
4081.24170400 
4081.36792696 
4081.59178236 
4081.65373015 
4082.08225197 
4082.25890873 
4082.38772001 
4082.86579086 
4083.38841605 
4083.46891098 
4083.82536067 
4084.08940154 
4084.17661471 
4084.49648697 
4084.61885994 
4084.70128436 
4084.95474101 
4085.04247204 
4085.25621309 
4085.43375061 
4085.55575267 
4086.04626326 
4086.19269292 
4086.41376904 
4086.52059208 
4086.69112743 
4087.16504436 
4087.28478101 
4087.90408187 
4088.62846922 
4088.72627361 
4089.13762092 
4089.26753690 
4090.04084544 
4090.20443860 
4090.70873957 
4091.02738314 
4091.34718240 
4091.40801747 
4091.52925573 
4091.58941598 
4091.73648447 
4091.84667462 
4091.90582013 
4091.98698588 
4093.39214296 
4093.67161778 
4094.55900942 
4094.65192709 
4094.74740309 
4094.90126480 
4096.07654904 
4096.19591579 
4096.33139131 
4096.93404450 
4097.13633753 
4097.20291009 
4097.74728554 
4098.93300903 
4099.21877919 
4099.45585211 
4099.55225186 
4099.68167297 
4099.99331136 
4100.34126923 
4100.91890796 
4101.23833930 
4101.32354599 
4101.55281994 
4102.29521451 
4102.61775504 
4102.81927826 
4103.01468308 
4103.10984016 
4103.20523318 
4103.26198731 
4103.40589662 
4103.46010643 
4103.83254788 
4103.91217902 
4104.38157709 
4104.83754566 
4104.91564221 
4105.47810489 
4105.57256715 
4105.65203334 
4106.03555888 
4106.35037842 
4107.05032009 
4107.28633128 
4107.37173790 
4107.79036125 
4107.86128768 
4108.18454501 
4108.41973240 
4108.52117283 
4109.32363364 
4109.47335042 
4109.72464559 
4110.07636946 
4110.17068176 
4110.22056869 
4110.51346897 
4110.56300999 
4110.63540603 
4110.82678889 
4110.87217001 
4110.97143700 
4111.08735364 
4111.13474022 
4111.61573123 
4112.10601580 
4112.20246553 
4112.31772934 
4112.38801892 
4113.09124370 
4113.50889929 
4113.55804142 
4113.75655242 
4113.87448452 
4114.06027485 
4114.48972135 
4115.65354646 
4115.75882288 
4116.37329889 
4116.71343179 
4118.22451490 
4118.32681210 
4118.48980839 
4118.77372301 
4119.39644685 
4119.47539017 
4120.36225181 
4120.40962640 
4121.85519464 
4122.51556261 
4122.96569267 
4123.53029373 
4123.60135911 
4123.72593047 
4124.04078097 
4124.10878315 
4124.23247474 
4124.51380402 
4124.58338879 
4124.66635605 
4124.77861963 
4124.89012841 
4125.70466897 
4125.83291437 
4125.96857382 
4126.03606813 
4126.34961197 
4127.22986630 
4127.34325059 
4127.41174564 
4127.95017455 
4128.05004637 
4128.12187655 
4128.48202317 
4128.64014474 
4129.44584260 
4129.51155937 
4129.68233462 
4129.85326283 
4129.91599139 
4130.32464129 
4130.51110243 
4130.79065916 
4131.00209475 
4131.20840269 
4131.43017157 
4132.05847390 
4132.40601082 
4132.62066257 
4132.75273695 
4133.95751620 
4134.06761734 
4134.12051148 
4134.32389517 
4135.29920755 
4135.47980522 
4135.77713029 
4136.13143642 
4136.28532609 
4136.39289490 
4136.43605858 
4138.04057303 
4138.29343675 
4138.36505497 
4138.77519347 
4138.84167704 
4138.88959648 
4139.31291152 
4139.46602839 
4139.93083655 
4140.23500082 
4140.38490853 
4141.01334980 
4141.63132880 
4141.71924476 
4141.83564825 
4141.86591831 
4142.32500597 
4142.47463874 
4142.52325500 
4142.70092742 
4142.88970794 
4142.97508955 
4143.04346263 
4143.18463562 
4143.33711065 
4143.40791609 
4143.86980701 
4144.03792993 
4144.24361901 
4144.33918496 
4144.45526653 
4144.57457325 
4145.04823608 
4145.29700986 
4145.34058044 
4146.96974734 
4147.02254650 
4147.38089655 
4147.54044072 
4148.02591344 
4148.18168561 
4148.34707724 
4148.83077543 
4149.44425759 
4149.61844892 
4149.98731821 
4150.03469479 
4150.08896656 
4150.36862724 
4150.48360409 
4150.59937274 
4150.65979989 
4151.14547056 
4152.91656718 
4153.15483071 
4153.20800777 
4153.57419575 
4153.61724546 
4154.30136108 
4154.38015342 
4154.49891328 
4154.72056516 
4155.01202774 
4155.65508212 
4155.72485283 
4156.08572620 
4156.47216187 
4156.51599637 
4157.28068485 
4157.36041894 
4157.39664145 
4157.53882416 
4157.75727588 
4159.15388464 
4159.66068274 
4159.76788363 
4160.06278429 
4160.73971277 
4161.10973773 
4161.58872812 
4161.73887074 
4161.79807022 
4161.88253807 
4162.45235863 
4162.50877083 
4162.67857230 
4162.78216813 
4162.92791391 
4163.18001179 
4163.64679338 
4163.73567706 
4163.82897260 
4163.94861722 
4164.17918375 
4164.25491789 
4164.38682529 
4164.45426061 
4164.53137738 
4164.69151438 
4164.80633427 
4164.97339945 
4165.07550367 
4165.16134916 
4165.76634648 
4166.04872842 
4166.37364920 
4166.48960279 
4166.90575764 
4167.39744468 
4167.86547092 
4168.04693932 
4168.45538419 
4168.63406033 
4168.96879453 
4169.21323441 
4169.39818590 
4170.53309022 
4170.78468222 
4171.34101729 
4172.38173130 
4172.62583827 
4172.74391830 
4172.95763124 
4173.30736349 
4173.44809358 
4173.53301230 
4173.63755488 
4173.72115495 
4173.77747717 
4174.06224547 
4174.20997972 
4174.43962648 
4176.19340241 
4176.33587403 
4176.48180675 
4177.28601677 
4177.73868502 
4177.79047543 
4178.05940888 
4178.25205334 
4178.36487874 
4178.84860483 
4180.19027384 
4180.26856230 
4180.32769179 
4180.72194835 
4180.88490560 
4180.95760152 
4181.16402337 
4181.30190219 
4181.35201205 
4181.52001497 
4181.88340563 
4182.07767666 
4182.15598111 
4182.45396893 
4184.13763417 
4184.60417376 
4184.71178953 
4184.76230127 
4185.14463495 
4185.29772578 
4185.46831502 
4185.80504067 
4186.52718019 
4186.68261540 
4187.14057323 
4187.79794774 
4187.89993398 
4188.11464564 
4188.19657014 
4189.08123800 
4191.43805953 
4191.53566892 
4191.82720641 
4192.36187210 
4193.01637134 
4193.45410646 
4193.51783174 
4193.60623554 
4194.08241157 
4194.57793853 
4194.68878644 
4194.78090526 
4194.93610753 
4195.17571265 
4195.22747406 
4195.55825425 
4195.64380980 
4195.83255526 
4195.94977250 
4196.16015828 
4196.49800661 
4197.10953612 
4197.31595194 
4197.38201160 
4197.46836894 
4198.87500575 
4198.93543889 
4199.01427020 
4199.10534930 
4199.17524695 
4199.51300930 
4199.63119828 
4201.55424853 
4201.60336463 
4201.67937468 
4201.84708566 
4201.97202787 
4202.26386427 
4202.35179818 
4203.57618580 
4203.77162050 
4203.88428792 
4204.04135170 
4204.16717167 
4204.53813229 
4205.00932661 
4205.12780850 
4205.38796621 
4205.79075248 
4206.05536402 
4206.65335204 
4206.69522405 
4207.17539200 
4207.61264322 
4208.41115760 
4209.19626749 
4209.92178702 
4209.97230376 
4210.08834530 
4210.45694353 
4210.76486669 
4210.92302117 
4211.28320361 
4211.51442391 
4211.88452974 
4211.95961703 
4212.65016573 
4212.70258197 
4212.92343099 
4213.06711726 
4213.31592894 
4213.37768473 
4213.55380049 
4213.79492618 
4213.99494067 
4214.74871076 
4214.82927661 
4215.21039955 
4215.38438786 
4215.62780295 
4215.85143924 
4216.54793636 
4216.60991209 
4217.06597235 
4217.43082755 
4218.18615722 
4218.22682454 
4218.41467922 
4218.54293054 
4218.66476155 
4219.57202232 
4219.62009370 
4219.67914120 
4220.06693637 
4220.73198674 
4220.85187826 
4221.15372499 
4221.35922603 
4221.42650337 
4221.69149378 
4221.86699970 
4222.15175392 
4222.20817011 
4222.44691341 
4222.63735141 
4222.93482729 
4223.39165933 
4223.43927882 
4224.48805741 
4225.03313427 
4225.80240125 
4225.95469825 
4226.04547541 
4226.29909081 
4226.60924836 
4226.72667052 
4226.78140114 
4226.98748102 
4227.28903083 
4227.38729702 
4228.15793663 
4228.41655371 
4228.68658180 
4228.75999752 
4228.79633197 
4228.91232151 
4228.99073492 
4229.14734579 
4229.45418720 
4230.42611094 
4230.82346557 
4230.95918793 
4231.08043608 
4231.13988147 
4231.19012128 
4231.61676522 
4231.74991725 
4232.26131693 
4233.28825120 
4233.60289256 
4233.72400275 
4233.90623189 
4234.23052571 
4234.30402140 
4234.37509573 
4234.98392782 
4235.46378577 
4235.93773928 
4236.04703357 
4236.39026842 
4237.53611743 
4238.37876208 
4238.46234913 
4239.15504716 
4239.27254630 
4239.67180842 
4239.78969145 
4239.85812247 
4239.92379722 
4240.44382461 
4240.59467799 
4240.67281046 
4240.75154678 
4241.09494157 
4241.70031854 
4241.97111440 
4242.50531506 
4242.71992668 
4243.01966194 
4243.26103853 
4243.92462320 
4244.02027707 
4244.27402540 
4244.49441950 
4244.77037500 
4244.82402491 
4244.98063876 
4245.55724628 
4245.82167081 
4245.85822021 
4245.97518448 
4246.32227129 
4246.68796021 
4247.28860940 
4247.35297949 
4247.59879391 
4247.68652586 
4247.77531653 
4247.85862264 
4247.91632148 
4247.98769473 
4248.18179773 
4248.27534715 
4248.39050290 
4248.51865423 
4248.74002606 
4248.86278481 
4248.91643572 
4249.17643940 
4249.38051078 
4249.47588472 
4249.67937326 
4250.77519334 
4250.83988434 
4251.08087902 
4251.18459976 
4251.28646500 
4251.42176545 
4251.51966972 
4251.59265555 
4251.68488231 
4252.03546420 
4253.53883117 
4253.74737737 
4253.86777373 
4254.01775632 
4254.33485100 
4254.37743681 
4254.45234413 
4254.63975288 
4254.96895538 
4255.23719089 
4255.92882115 
4256.25364679 
4256.49941921 
4257.89852155 
4258.23228484 
4258.31546198 
4258.51995124 
4258.99506438 
4259.98837634 
4260.13595556 
4260.20621110 
4260.27963180 
4260.33251790 
4260.39699096 
4260.47269207 
4260.80548661 
4261.27515917 
4261.49269800 
4261.86954197 
4261.96614958 
4262.07988569 
4262.45456022 
4262.61244472 
4262.74290444 
4263.22106677 
4263.35626823 
4264.10680698 
4264.34047057 
4264.37911741 
4264.58404155 
4265.49174898 
4265.54629764 
4266.28645811 
4266.52732480 
4268.60886969 
4269.06479285 
4269.62759992 
4269.94228320 
4270.32853067 
4270.73493385 
4271.43929370 
4271.55240597 
4271.76039030 
4272.78136392 
4272.87434748 
4273.35743949 
4273.62651376 
4273.68833351 
4273.90785580 
4274.02483305 
4274.22241111 
4274.31618646 
4274.35435243 
4274.51547907 
4275.56947800 
4275.61248569 
4275.97688689 
4276.04753432 
4276.27891750 
4276.55567774 
4276.64136921 
4276.80718862 
4276.96695062 
4277.03914664 
4277.15987190 
4277.93753946 
4278.00075584 
4278.32290715 
4278.41622662 
4278.51033487 
4278.82476421 
4278.90155402 
4279.05914159 
4279.28180406 
4279.63807439 
4279.92295949 
4280.32130977 
4280.56701917 
4280.87724461 
4280.93283299 
4281.06815841 
4281.22851925 
4281.33042446 
4281.41476329 
4281.55057058 
4281.87634793 
4282.04208635 
4282.09043964 
4282.15713910 
4282.89771339 
4283.28517452 
4283.36442269 
4283.51823025 
4283.75003230 
4283.80000116 
4283.90052673 
4285.40000347 
4285.45694050 
4285.66063095 
4285.93978255 
4286.17613240 
4286.22803176 
4286.35571818 
4286.69997366 
4288.04763430 
4288.10602995 
4288.46950837 
4288.52280736 
4288.66879997 
4289.20809116 
4289.36528683 
4289.41653735 
4289.54693406 
4289.65500464 
4289.71870489 
4289.93007731 
4290.02537525 
4290.17064905 
4290.22666932 
4290.28198677 
4290.39350745 
4291.31544002 
4291.38409296 
4291.46253833 
4291.63267259 
4291.72794654 
4291.80972304 
4292.30626746 
4293.43800185 
4294.02579327 
4294.12484522 
4294.71964480 
4294.76202865 
4295.03832299 
4295.12569602 
4295.23711272 
4295.58487326 
4295.81574754 
4296.36097015 
4296.96858936 
4297.30697136 
4297.37258411 
4297.63361946 
4298.12270883 
4298.18438361 
4298.56442465 
4298.82863317 
4298.88918024 
4298.98659662 
4299.23146522 
4299.49632556 
4299.63423429 
4299.83960428 
4300.45470050 
4300.64994615 
4300.97919755 
4301.28750446 
4301.87109297 
4302.04600996 
4302.22004618 
4302.32521152 
4302.52568579 
4302.64547229 
4302.92927464 
4302.98750532 
4303.09282362 
4303.23117023 
4303.38716020 
4303.44128097 
4303.98920785 
4304.29171128 
4304.41751519 
4304.80321874 
4304.86850457 
4304.95649742 
4305.33516982 
4306.30402897 
4306.36529985 
4306.67649999 
4306.73329905 
4306.86000372 
4307.17607458 
4307.74011821 
4307.90177269 
4308.12180481 
4308.55406010 
4308.59970610 
4308.79699920 
4309.09391009 
4309.88678052 
4309.99264467 
4310.09928162 
4310.18343748 
4310.63667925 
4310.75761744 
4310.95695600 
4311.06186740 
4311.13461326 
4311.23697733 
4311.32050236 
4311.57597216 
4311.62766156 
4311.79927341 
4312.26548776 
4312.46876629 
4313.31030590 
4313.41592511 
4313.51332849 
4313.60245304 
4313.77846174 
4313.86420618 
4314.01183634 
4314.05412321 
4314.43640064 
4314.49717366 
4315.04880353 
4315.07401190 
4315.25447142 
4315.47206817 
4315.58382177 
4315.70921278 
4316.11022928 
4316.22074920 
4316.54533481 
4317.22710344 
4317.38870792 
4317.53598117 
4317.84150279 
4318.12002151 
4318.29409171 
4318.41566073 
4318.52433313 
4319.09819915 
4319.19297721 
4319.80697266 
4320.12643061 
4320.35279505 
4320.45097522 
4320.73889846 
4321.09726617 
4321.22418477 
4321.43189712 
4321.72661457 
4322.57889732 
4322.74040982 
4323.04485471 
4323.57151913 
4323.63502242 
4324.44353768 
4324.89990859 
4324.96341588 
4325.02021293 
4325.27426608 
4325.76188277 
4325.85988598 
4325.92443600 
4326.52116797 
4326.58279075 
4326.68398413 
4327.23005243 
4327.33727122 
4327.71515877 
4327.98298829 
4328.05249600 
4328.13982502 
4328.22266822 
4328.28492584 
4328.68888853 
4328.91544291 
4329.10733642 
4329.22023071 
4329.43818735 
4329.49157430 
4329.91083397 
4330.21211668 
4330.26826191 
4330.41133426 
4330.56718524 
4330.68028848 
4330.84412036 
4331.58204716 
4332.02985531 
4332.33911592 
4333.28490001 
4333.93693141 
4334.74504773 
4334.93264336 
4335.99279234 
4336.98831032 
4337.07086759 
4337.27714130 
4337.63851419 
4337.86696106 
4337.96996695 
4338.10771469 
4338.23049438 
4338.53862128 
4338.79902374 
4339.01363325 
4339.37501813 
4339.45007737 
4339.78182805 
4339.87181937 
4339.92865541 
4340.89516701 
4341.33165812 
4342.04863439 
4342.44397133 
4342.67523646 
4342.97311605 
4343.24669003 
4343.38180047 
4343.60367106 
4343.67678682 
4343.74660844 
4343.95144752 
4344.32649479 
4345.63588611 
4345.70221965 
4345.85133340 
4345.89577170 
4347.19502468 
4347.24655911 
4347.63873587 
4349.07212853 
4349.34398896 
4349.42733801 
4349.62997567 
4350.27158776 
4350.39175112 
4351.01926992 
4352.61184964 
4352.68141432 
4352.81950697 
4353.20687498 
4353.31464661 
4353.39107548 
4353.44883128 
4354.48270308 
4354.65007801 
4355.32024057 
4355.52690415 
4356.04424594 
4356.52140931 
4357.25026340 
4357.61345578 
4357.77219598 
4357.85314367 
4357.97442473 
4358.08079073 
4358.32029266 
4359.28562149 
4359.37255460 
4359.55619624 
4360.16729533 
4360.37149257 
4360.68440417 
4360.71832624 
4361.30719418 
4361.35578639 
4361.59359877 
4361.68200349 
4361.79604846 
4362.06663121 
4362.47205545 
4362.55797183 
4362.72144378 
4362.78977679 
4363.12505650 
4363.43061903 
4363.49961187 
4363.79473015 
4364.01602788 
4364.04097831 
4364.38305723 
4364.46287121 
4364.50850719 
4364.94348865 
4365.02001750 
4365.93020481 
4366.12549038 
4366.80892740 
4367.19010102 
4367.28616372 
4367.41804899 
4368.27086840 
4368.35322671 
4368.99288326 
4369.28281090 
4369.30857012 
4369.40742808 
4369.49477808 
4369.55884221 
4369.60504404 
4369.87557079 
4370.38024988 
4371.14012476 
4372.09525621 
4372.17138716 
4372.48952237 
4372.57658444 
4372.64885241 
4372.95950059 
4373.03916561 
4373.14235543 
4373.20806312 
4373.47140377 
4373.52272525 
4374.01232730 
4374.71119423 
4374.78528571 
4374.85954316 
4375.03001826 
4375.08343319 
4375.40129847 
4376.26024823 
4376.35371061 
4376.42974059 
4376.53091094 
4377.09167424 
4377.31750775 
4377.40214046 
4377.49115501 
4377.54639746 
4377.65082596 
4377.91435055 
4378.02437457 
4378.17682441 
4379.21389524 
4379.66720884 
4380.28603883 
4380.71542973 
4380.88188888 
4381.33223125 
4381.40141403 
4381.85998623 
4382.20327880 
4382.26248321 
4382.38800214 
4383.33486572 
4383.44829384 
4383.54430854 
4383.60452268 
4383.75294858 
4383.86933392 
4384.02066406 
4384.12469965 
4384.27614476 
4384.60158303 
4384.65588572 
4385.05727398 
4385.64032039 
4385.75365453 
4386.40638758 
4386.48570368 
4386.96536932 
4387.02865565 
4387.21913147 
4387.73464566 
4388.10179593 
4388.17984337 
4388.24926008 
4388.35804343 
4388.40321253 
4388.66199235 
4388.96982425 
4389.23915130 
4389.47956896 
4389.92213536 
4391.11088117 
4391.38900090 
4391.52988978 
4391.88858128 
4391.95931364 
4392.97410228 
4393.05831509 
4393.75943836 
4394.25054497 
4394.43783362 
4394.54618707 
4394.62028555 
4394.83449111 
4394.89459427 
4395.13553479 
4396.13958024 
4396.47825500 
4397.00957901 
4397.79809124 
4397.91488047 
4398.22606547 
4398.27255222 
4398.58346630 
4398.64811426 
4399.02498496 
4399.09434168 
4399.40656341 
4399.46229073 
4399.96960805 
4400.09685352 
4400.38561043 
4401.58093045 
4401.65952074 
4401.75098864 
4402.24501245 
4402.30352803 
4402.44728915 
4402.73492335 
4402.84064749 
4402.92679779 
4403.71342550 
4404.11282425 
4404.20367131 
4404.50507888 
4404.75066516 
4404.83226766 
4404.90330194 
4404.99915368 
4405.42616215 
4405.84530969 
4406.12613868 
4406.90848650 
4407.27474198 
4407.81948342 
4407.88378248 
4407.94448648 
4408.24823443 
4408.48176188 
4408.56377927 
4409.71967263 
4409.82570869 
4409.89882042 
4410.40837812 
4410.48756525 
4410.62366438 
4411.24794285 
4412.52985499 
4412.56782098 
4412.73913483 
4412.80028371 
4413.53371640 
4413.63190852 
4414.14065043 
4414.21352423 
4414.48631833 
4414.62324424 
4414.76687138 
4415.12354637 
4415.52293910 
4416.23793264 
4416.65979544 
4416.84503362 
4416.94712171 
4417.03242822 
4417.12125881 
4417.22230418 
4417.30673292 
4417.35209397 
4417.41009468 
4417.63475746 
4417.76052131 
4417.99912442 
4418.28923095 
4418.66441805 
4418.74375814 
4418.90527156 
4419.00584405 
4419.08462129 
4419.25156828 
4419.31736594 
4419.42827170 
4419.77042351 
4420.00421988 
4420.11260331 
4420.25696026 
4421.77692659 
4421.83131426 
4422.04811311 
4422.35442136 
4422.62898198 
4422.78333029 
4422.88854556 
4423.26199411 
4423.52813895 
4423.72015133 
4423.92001765 
4423.99449301 
4424.14511031 
4424.24344639 
4424.53980426 
4424.83738281 
4424.89961940 
4425.01784524 
4425.11579941 
4425.22076674 
4425.45023125 
4427.10148993 
4427.23104178 
4427.30969904 
4427.41314477 
4427.52818744 
4427.56709318 
4427.65458412 
4428.55385004 
4428.63934650 
4428.74393192 
4428.82206633 
4428.88289429 
4429.25620987 
4429.35309033 
4429.82292646 
4430.99649405 
4431.41402397 
4432.25218198 
4432.69265485 
4432.80019349 
4432.96276163 
4433.49101635 
4433.83821781 
4434.24823570 
4434.32937331 
4434.95706681 
4435.29234440 
4435.44383446 
4435.67846659 
4435.78994520 
4435.89760281 
4436.04788719 
4436.14259222 
4436.28355905 
4436.39804186 
4436.55113549 
4436.62415224 
4436.68026844 
4436.99342787 
4437.08929459 
4437.44489183 
4437.91983360 
4438.44472819 
4438.55738748 
4438.62504264 
4439.12339424 
4439.46149608 
4440.27434774 
4440.35369682 
4440.49553841 
4440.57376678 
4440.86603671 
4441.14737153 
4441.19514193 
4441.60903079 
4441.66383934 
4442.51403714 
4443.08592233 
4443.19847665 
4443.66554048 
4443.76734363 
4444.85741117 
4444.97835527 
4445.03335077 
4446.58372091 
4446.74139733 
4447.22965456 
4447.78244478 
4447.83406816 
4448.03013845 
4448.45992810 
4448.55330648 
4448.87976938 
4449.52016049 
4449.91546823 
4450.23971771 
4450.76543606 
4450.80441478 
4451.05077180 
4451.26870033 
4451.36008822 
4451.58568772 
4451.74084080 
4452.43807991 
4452.56591919 
4452.88818919 
4453.19148920 
4453.28883052 
4453.45390798 
4453.54696444 
4453.63439238 
4454.13927321 
4454.34175381 
4454.51541500 
4454.73299661 
4454.77386783 
4455.57421573 
4455.71124659 
4456.48090358 
4456.55151795 
4456.63259957 
4456.70812765 
4457.02498807 
4457.07849296 
4457.14821656 
4457.23615637 
4457.44183912 
4457.52639381 
4457.64097959 
4458.00157747 
4458.16431954 
4458.21482422 
4458.29133204 
4458.73753534 
4458.87924596 
4458.95893794 
4459.00422400 
4459.97507590 
4460.04950627 
4460.18916043 
4460.55734931 
4460.76807172 
4461.06360277 
4461.12387987 
4461.24107795 
4461.36960105 
4461.52766635 
4462.69849849 
4462.75246026 
4463.18809434 
4463.24338476 
4463.33187441 
4463.40571893 
4463.49748173 
4463.66634318 
4463.83452381 
4464.13622922 
4464.84762056 
4464.95698071 
4465.34030658 
4465.46639132 
4465.67969105 
4465.83017735 
4465.91769326 
4465.97549801 
4466.28550723 
4466.55342955 
4466.62418988 
4466.68758316 
4466.83916217 
4467.00161231 
4467.75825070 
4467.81562856 
4468.32095824 
4468.83285420 
4469.18925617 
4469.35959823 
4469.52540148 
4469.75086400 
4470.00469903 
4470.10457968 
4470.16797596 
4470.26124135 
4470.48929818 
4470.99046496 
4471.57983746 
4471.87096965 
4471.97632285 
4472.17813861 
4472.22854231 
4472.27303357 
4472.61933120 
4472.70035483 
4473.33621306 
4473.57162595 
4473.67985339 
4473.95720521 
4474.07341755 
4475.22148564 
4475.76504622 
4476.49337404 
4477.21358201 
4477.46760498 
4478.01495556 
4478.13041709 
4478.22103418 
4478.40324010 
4478.59557835 
4478.77905194 
4478.89795556 
4479.02650064 
4479.15742310 
4479.63722149 
4479.78130047 
4480.07632862 
4480.26787708 
4480.82488110 
4481.00823372 
4481.17706617 
4481.22760283 
4481.30013469 
4481.39034289 
4482.16970323 
4483.16150051 
4483.34728948 
4483.81271266 
4484.03846709 
4484.10820668 
4484.28992573 
4484.48516721 
4484.58000018 
4484.97240962 
4485.33657752 
4485.52747515 
4485.58782622 
4485.71362502 
4485.79552141 
4485.89741352 
4486.23481248 
4486.41767222 
4486.89761356 
4487.31558726 
4487.49578870 
4488.31195131 
4488.67920839 
4489.38811230 
4489.52588894 
4489.66485826 
4489.73933261 
4489.93799318 
4490.19619003 
4490.67295521 
4490.98215460 
4491.70676836 
4491.77329380 
4491.87980569 
4492.10094433 
4492.23505093 
4492.52919830 
4492.56792508 
4492.67395409 
4493.56672446 
4494.07166719 
4494.69082277 
4494.86701027 
4494.96217315 
4495.23683166 
4495.48796738 
4495.59539902 
4495.75793212 
4496.31096715 
4496.42088714 
4496.63830375 
4496.69138974 
4497.12343070 
4497.20719959 
4497.28886604 
4497.62148424 
4498.53906704 
4499.26194923 
4499.38018202 
4499.43220629 
4499.70328374 
4499.98322385 
4500.84206914 
4501.09822053 
4501.17571707 
4501.29016686 
4501.54011488 
4502.38076197 
4502.92711575 
4503.38187771 
4503.43714312 
4503.97573394 
4504.46104883 
4504.63053809 
4505.21634244 
4505.53946914 
4505.60622452 
4506.31697289 
4507.00343267 
4507.07636542 
4507.41828016 
4507.49884089 
4507.83127713 
4508.03516430 
4508.16306154 
4508.52843808 
4509.84066265 
4509.95995615 
4510.26490965 
4510.36159412 
4511.29155760 
4512.48201231 
4512.54631433 
4513.22262677 
4513.67994003 
4514.54813481 
4514.69893999 
4515.11822829 
4515.39751955 
4515.62749982 
4515.96149064 
4516.06625198 
4516.53989192 
4516.69875398 
4517.46607538 
4517.53561802 
4517.62584219 
4517.88456488 
4518.27273339 
4518.34222004 
4519.25921592 
4519.94974358 
4520.03189089 
4521.05858279 
4521.19410201 
4521.24975431 
4521.30778599 
4523.46147729 
4524.12867011 
4524.83842568 
4525.09025518 
4525.18721058 
4525.44567933 
4526.02784259 
4526.75900651 
4526.91839342 
4527.12052604 
4527.17700512 
4527.44346276 
4528.02149411 
4528.22060453 
4528.41003950 
4528.97441646 
4529.06734592 
4529.92326688 
4530.31902436 
4530.55232975 
4531.37946730 
4531.71329414 
4532.25763238 
4532.42726758 
4532.62144030 
4533.23872127 
4533.30404102 
4533.94641336 
4534.11907676 
4534.40272585 
4535.25437392 
4535.49095543 
4535.54754549 
4535.70381521 
4535.75738307 
4535.86190646 
4535.97953339 
4536.14676722 
4536.25690113 
4536.32627981 
4536.42400300 
4536.54487108 
4536.74889919 
4536.85966493 
4537.07157896 
4537.14490759 
4537.64225023 
4538.57833199 
4538.84216530 
4539.23048174 
4539.29026495 
4539.72483716 
4540.25589089 
4540.31317076 
4540.40713095 
4540.56646186 
4540.99891763 
4541.20437836 
4541.34875023 
4541.50340438 
4541.98753850 
4542.05111370 
4542.26271081 
4542.42816511 
4542.62604284 
4542.73554592 
4542.79422642 
4543.21003358 
4543.27768071 
4543.38735274 
4543.41544332 
4543.64398495 
4544.51351926 
4546.39251891 
4546.67665785 
4546.83488506 
4547.06734065 
4547.12668997 
4547.24992542 
4547.75915890 
4548.32617411 
4548.38291412 
4548.97975845 
4549.83434369 
4550.18413828 
4551.47364862 
4551.54218151 
4551.59779282 
4551.70986122 
4551.81950325 
4552.15352501 
4552.22525606 
4552.45099142 
4552.87037762 
4553.26376769 
4553.67622973 
4554.33599342 
4554.41470662 
4554.79265077 
4554.96142118 
4555.06220156 
4555.14567650 
4555.30523735 
4555.81235737 
4555.90468397 
4556.20814980 
4556.38704653 
4556.80752144 
4557.05783331 
4557.55875496 
4557.63049501 
4557.73480145 
4558.34594498 
4558.52746402 
4558.62076737 
4558.84260475 
4559.05863168 
4559.31200973 
4559.46020557 
4559.65535701 
4560.18178492 
4560.39422979 
4560.66464834 
4561.01259540 
4561.22715571 
4561.34810175 
4561.40640035 
4561.49462804 
4561.61285780 
4561.70354784 
4561.76289515 
4562.08049224 
4562.24978750 
4562.47439616 
4562.56315970 
4562.63215747 
4562.72308545 
4563.21605719 
4563.29267394 
4563.66104361 
4563.74366977 
4564.17971756 
4564.40582181 
4564.83531332 
4565.09173257 
4565.20886262 
4565.29724826 
4566.36882510 
4566.42957205 
4566.65029173 
4566.71132060 
4566.93281207 
4566.98796750 
4567.23994591 
4567.63677005 
4567.71637502 
4567.78813905 
4567.85055456 
4568.14237145 
4568.52325080 
4568.64553148 
4569.14762080 
4569.35542489 
4569.57032710 
4569.63599375 
4569.73477764 
4570.09188627 
4570.97216065 
4571.21885346 
4571.53161980 
4571.95777618 
4572.32737851 
4572.89219525 
4573.57074492 
4573.70311694 
4573.77454406 
4574.02701134 
4574.30529080 
4575.42597562 
4576.27469332 
4576.31682519 
4576.46693152 
4576.54134485 
4576.74072116 
4576.84014988 
4576.96360225 
4577.07749915 
4577.13103100 
4577.58173189 
4577.77070594 
4577.82254824 
4577.90593320 
4578.24721700 
4578.33060896 
4579.82727840 
4581.17362255 
4581.23322180 
4581.41992945 
4581.49662918 
4581.58309932 
4582.43477222 
4582.53303025 
4582.66540326 
4582.77880529 
4583.06330809 
4583.65439385 
4583.87447568 
4584.04130059 
4584.24651835 
4584.29990623 
4584.36777929 
4584.46440475 
4584.65263500 
4584.95374041 
4585.10714486 
4585.16522851 
4585.44393084 
4585.81886574 
4585.86477560 
4586.26988352 
4587.75585274 
4587.89226768 
4588.22598146 
4588.42641848 
4589.12159972 
4591.35677386 
4591.41129545 
4591.57903911 
4592.26812495 
4592.66642966 
4592.75450437 
4592.87404577 
4592.95824951 
4593.28017141 
4593.36214574 
4593.44791207 
4593.54086349 
4593.64395924 
4594.96174287 
4595.80826108 
4596.09646589 
4596.17560097 
4596.30794598 
4596.70450914 
4596.78778912 
4597.24161914 
4597.57152693 
4597.90920165 
4598.05442326 
4598.43675818 
4598.76294894 
4598.93881445 
4599.22433696 
4599.29892624 
4599.35316290 
4599.42678544 
4599.51921100 
4599.57089434 
4599.70474795 
4600.68270539 
4600.78279493 
4600.87298109 
4600.97076923 
4601.10204752 
4601.94128464 
4602.04344363 
4602.41976113 
4602.88639976 
4603.14376671 
4603.36837032 
4603.87955917 
4603.92964692 
4604.65261677 
4605.42837266 
4605.82365014 
4607.37712639 
4607.66290282 
4607.83519127 
4607.93427607 
4608.53157613 
4608.61944090 
4610.07675855 
4610.45681406 
4610.53560322 
4610.62637422 
4610.65143360 
4611.24445278 
4611.75869880 
4611.85903927 
4611.93808737 
4612.54392816 
4613.60400984 
4613.69225950 
4613.78296652 
4613.87480923 
4613.97816590 
4614.11249038 
4614.16595624 
4615.02431925 
4615.33411133 
4615.45316984 
4615.62776867 
4615.66937767 
4615.88389594 
4616.45249657 
4617.29745612 
4617.90661903 
4618.25929376 
4618.32672293 
4618.76695950 
4619.47856231 
4619.56138741 
4619.62817974 
4620.24253227 
4620.44819488 
4620.67411013 
4620.72995336 
4621.07433229 
4621.16309681 
4621.59056776 
4621.65817288 
4622.12128940 
4622.73689858 
4622.80113459 
4622.85368670 
4623.11662815 
4623.17340914 
4623.89099235 
4624.04898157 
4624.13696730 
4624.31435138 
4624.49288716 
4624.58095787 
4624.67888097 
4624.94164847 
4625.05314198 
4625.27505729 
4625.49471819 
4626.52133167 
4626.60674907 
4626.66519362 
4627.29808422 
4628.20188417 
4628.44104791 
4629.00855981 
4629.20224158 
4629.28835680 
4629.37360225 
4629.69404550 
4629.76926860 
4629.85485596 
4629.91201284 
4630.16744128 
4630.27701630 
4630.35404892 
4631.02222318 
4631.12891196 
4631.19726389 
4631.34901675 
4631.64249412 
4631.76194552 
4632.03570811 
4632.52845977 
4632.59711561 
4633.53864556 
4633.61859341 
4633.76510166 
4633.83676170 
4634.02041412 
4634.60588025 
4634.69837379 
4635.26980763 
4635.41434939 
4636.40132831 
4636.48096924 
4636.53907687 
4637.93902054 
4638.12555820 
4638.59911792 
4638.68458231 
4638.91495937 
4639.09545562 
4639.19456040 
4639.36223505 
4639.51860768 
4639.70413860 
4639.75894210 
4639.85344410 
4639.89481216 
4640.55143845 
4640.63217409 
4641.60118974 
4641.68477663 
4642.05289624 
4642.15226296 
4642.81843272 
4642.88688461 
4643.47167490 
4643.55586563 
4643.86439900 
4644.33211926 
4644.70700808 
4644.91476012 
4644.97428437 
4645.37297889 
4645.50087105 
4646.68547065 
4646.97755837 
4647.06716966 
4647.25019324 
4647.49077159 
4648.17468264 
4648.35042214 
4648.44725452 
4649.04891234 
4649.53604945 
4649.97739568 
4650.23461363 
4650.29324911 
4650.62931519 
4650.82045762 
4651.06393320 
4651.11747203 
4651.37845498 
4651.98938434 
4652.41771500 
4652.52439978 
4652.62230787 
4653.08897939 
4653.18102204 
4653.30645685 
4654.00623469 
4654.08638248 
4654.80050552 
4655.03325094 
4655.21284642 
4656.18288174 
4656.46943792 
4656.55210404 
4656.70326804 
4656.76176856 
4656.85678442 
4658.37934453 
4658.88913463 
4658.96261519 
4659.20464914 
4659.45872491 
4659.57036837 
4660.04227549 
4660.09905447 
4660.25849427 
4660.39458026 
4660.55461891 
4661.37709826 
4661.42386189 
4661.50014070 
4661.59399387 
4661.70435366 
4661.96100175 
4662.16641939 
4662.30023598 
4662.37995588 
4662.59402923 
4663.20297108 
4663.84699565 
4664.31593055 
4664.78898236 
4664.97079025 
4665.42222078 
4665.48772745 
4665.66948535 
4665.71670285 
4666.00516051 
4666.08923726 
4666.26122775 
4666.51618527 
4666.79883547 
4666.99437272 
4667.35662085 
4667.45515378 
4667.54327745 
4667.58342283 
4667.92123743 
4668.17142421 
4668.36150991 
4668.93702559 
4669.26691728 
4669.35624664 
4669.66730332 
4669.73649701 
4669.98424944 
4670.06660764 
4670.83481832 
4670.94378948 
4671.72330517 
4671.78628150 
4672.33860232 
4672.43749115 
4672.51751397 
4672.59015374 
4672.63357625 
4674.22230376 
4675.03077377 
4675.11509246 
4675.28554434 
4675.37580345 
4676.05520862 
4676.13620718 
4676.44181729 
4676.50819573 
4676.97157208 
4677.04063680 
4679.92352272 
4680.23729366 
4680.39119992 
4680.58913253 
4680.64526067 
4681.12152460 
4681.21640949 
4681.49646436 
4682.73040472 
4683.17422624 
4683.35153630 
4684.08829827 
4684.12663712 
4684.63844264 
4684.81077902 
4685.07403933 
4685.26282236 
4685.37866569 
4685.44178398 
4685.49855995 
4685.65189736 
4685.83097496 
4686.19469967 
4686.57200779 
4687.43488536 
4688.27753929 
4688.46019593 
4689.16958114 
4689.25197232 
4690.33421482 
4690.62230855 
4690.89518331 
4691.04960642 
4691.34553408 
4691.49907543 
4691.88491528 
4692.46610542 
4693.53119643 
4694.09158307 
4694.47652716 
4694.54113205 
4694.92152634 
4695.03825244 
4695.45443825 
4696.39460133 
4696.46930455 
4696.81200282 
4697.21406837 
4697.59557136 
4698.73059384 
4698.77080520 
4699.08876801 
4699.18115955 
4700.77117155 
4701.38556587 
4701.47083230 
4701.84390751 
4701.92408828 
4702.59236234 
4702.77855403 
4704.49358991 
4704.65680470 
4704.74244102 
4704.89065377 
4704.93308254 
4704.99835126 
4705.07076208 
4705.17121848 
4705.29601744 
4705.61709542 
4705.76049644 
4705.87681964 
4705.93390253 
4706.25031674 
4706.37473080 
4707.04532922 
4707.58528624 
4708.10066877 
4708.29363967 
4708.42485292 
4708.63802247 
4709.05954785 
4709.36828309 
4709.48122718 
4710.62039752 
4710.69450389 
4710.82351473 
4710.99205610 
4711.32537783 
4711.41964786 
4711.55944084 
4711.64345060 
4711.91687719 
4712.00524179 
4712.39246324 
4712.48095581 
4712.84037763 
4712.96844571 
4713.10802075 
4713.79082192 
4713.84899752 
4714.11918297 
4714.67178862 
4714.86485749 
4715.43036073 
4715.86136658 
4715.95288035 
4715.99640482 
4716.06134662 
4717.15355736 
4717.38987078 
4717.48238628 
4717.92925193 
4718.29298360 
4718.51476686 
4718.61627298 
4719.19350010 
4719.25136677 
4719.44190631 
4719.56362407 
4719.69271188 
4719.92149929 
4719.97975886 
4720.03085733 
4720.16157571 
4720.45762330 
4720.78063275 
4721.27617550 
4721.59030830 
4722.08874729 
4722.42061139 
4722.50021131 
4723.78440818 
4724.77296034 
4724.82930742 
4724.99055971 
4725.38739660 
4725.94506889 
4726.33671515 
4727.44264522 
4727.53260939 
4727.60502321 
4727.70685424 
4727.84907956 
4728.13379015 
4728.59356436 
4728.98632733 
4729.12836671 
4729.63590327 
4729.87982865 
4730.09216041 
4730.88117041 
4731.19563211 
4732.05403173 
4732.67161814 
4732.74968046 
4732.82341692 
4732.87131024 
4733.02429071 
4734.04566815 
4734.16016882 
4734.76458871 
4735.33466969 
4735.38164225 
4735.47171839 
4736.40120816 
4736.52643398 
4736.59494583 
4737.53188863 
4737.60678978 
4737.65890798 
4737.91823828 
4738.07025300 
4738.47146072 
4738.84050895 
4738.90465796 
4738.98883366 
4739.11245891 
4739.27223758 
4739.35485269 
4739.49035979 
4739.67673442 
4739.86371388 
4740.09997229 
4740.33157294 
4741.30392234 
4741.38860990 
4742.11750079 
4742.56651884 
4742.89254046 
4743.03054990 
4744.45122651 
4744.50096433 
4744.63796104 
4744.70956407 
4744.80025704 
4744.84568500 
4745.27461136 
4745.33656995 
4745.55798428 
4745.63304640 
4745.70038056 
4746.05882659 
4746.11212547 
4746.19274611 
4746.72841618 
4746.82231431 
4746.91060191 
4746.97752018 
4747.09379338 
4747.41687878 
4747.55817734 
4747.61717871 
4747.98339368 
4748.11310631 
4748.40507295 
4748.52912608 
4748.59086173 
4749.10803270 
4749.19983138 
4749.28458892 
4749.79813585 
4749.89368354 
4749.97108703 
4750.50711100 
4750.55846240 
4751.12174815 
4751.33146958 
4751.40370944 
4751.55296689 
4751.85285043 
4752.13889764 
4752.20269473 
4752.31819013 
4752.41402674 
4752.59172665 
4752.64517349 
4753.81385182 
4754.20991288 
4754.31395431 
4754.40664375 
4754.46481834 
4754.94761940 
4755.39414708 
4756.30272133 
4756.53371912 
4756.62017221 
4756.70135670 
4757.13603752 
4757.21934344 
4757.30244342 
4757.41626826 
4758.00595800 
4758.07828683 
4758.14927302 
4758.29142035 
4758.76016714 
4759.19205469 
4759.58494858 
4759.68826920 
4760.05471909 
4760.43369367 
4760.63894128 
4760.93974656 
4761.10979450 
4761.86106141 
4762.05208479 
4762.23017260 
4762.30287333 
4762.52488250 
4763.72678799 
4763.78765186 
4763.96560070 
4764.34634680 
4765.59547376 
4765.84387893 
4765.97879817 
4766.10578452 
4766.30435890 
4766.60106926 
4766.96185965 
4767.48268661 
4768.06131726 
4768.16659136 
4768.67747697 
4770.28033616 
4770.38670497 
4770.44428371 
4770.58266503 
4770.65610157 
4770.74468709 
4770.79862680 
4771.86704863 
4771.98186820 
4772.06814233 
4772.29334964 
4772.79623835 
4772.95882026 
4773.10501752 
4773.24116943 
4774.69056827 
4774.83155091 
4775.06607475 
4775.19213733 
4775.31369111 
4775.37200966 
4775.48005802 
4775.54387310 
4775.79431472 
4776.32113809 
4776.77930865 
4777.19173333 
4777.64877419 
4778.63808496 
4779.58963174 
4779.65835153 
4779.72841196 
4779.92195865 
4780.21871499 
4780.63319313 
4780.75102490 
4781.10400433 
4781.29015099 
4781.52627540 
4781.60268714 
4781.66823377 
4781.75223450 
4781.83408781 
4781.89331511 
4782.22413741 
4782.29251129 
4782.37035765 
4782.44486490 
4782.76119405 
4783.43996813 
4783.52019186 
4783.63716785 
4783.86304998 
4784.03888736 
4784.16151786 
4784.24354611 
4784.36165680 
4784.43834647 
4784.56656749 
4784.93100288 
4785.13259144 
4785.27195450 
4785.65993365 
4785.72400767 
4785.77249581 
4786.14792129 
4786.23837131 
4786.53063184 
4786.72402757 
4786.79437792 
4786.91573775 
4787.14749931 
4787.37360237 
4787.43206488 
4787.67081359 
4787.74099698 
4787.82173258 
4788.54482089 
4788.67704184 
4788.74625449 
4789.38633880 
4789.90331875 
4790.07584302 
4790.43757912 
4790.74005093 
4790.93854531 
4791.51566731 
4791.70930898 
4791.92014208 
4791.99466632 
4792.08151030 
4792.59488920 
4792.90519193 
4793.24487988 
4793.67724125 
4793.90456199 
4795.28931686 
4795.41720096 
4795.49471441 
4795.61200831 
4795.91381929 
4796.24296503 
4796.30145252 
4796.83186690 
4796.89630881 
4797.42306415 
4797.49732147 
4797.56909444 
4797.97219056 
4798.10262198 
4798.16427264 
4798.59569126 
4799.66884772 
4799.75945970 
4800.05452847 
4800.17143347 
4800.59524510 
4801.05159111 
4801.34822246 
4802.06440357 
4802.67120767 
4803.95566310 
4804.54409008 
4805.24581601 
4805.36058258 
4806.46234244 
4807.08215109 
4807.17257112 
4807.25303178 
4807.33470613 
4807.46135254 
4807.55046591 
4808.76468794 
4809.61465456 
4809.96041087 
4810.06419135 
4810.35196005 
4810.52223089 
4810.87630800 
4810.94397706 
4811.05161551 
4811.24713267 
4811.36840251 
4811.47448838 
4811.56494539 
4812.02680991 
4812.09967959 
4812.37611129 
4812.63593639 
4812.93585185 
4813.00702398 
4813.13814621 
4813.72091467 
4813.89677503 
4814.16444005 
4814.92282394 
4815.04894749 
4815.34206476 
4815.38956316 
4815.46322663 
4815.55855035 
4815.83316552 
4815.88854184 
4816.13466357 
4817.02071759 
4817.31996123 
4817.44382039 
4817.59525922 
4817.83241833 
4817.90908700 
4818.10556489 
4818.16105418 
4818.29532657 
4818.64787107 
4818.88124518 
4818.95520257 
4819.02096013 
4819.19316846 
4819.50950656 
4819.57476825 
4819.92307688 
4820.03607291 
4820.67291302 
4820.79459075 
4820.88499377 
4821.27420055 
4821.38833728 
4821.86440102 
4821.94860869 
4822.01399235 
4823.12314918 
4823.18226350 
4823.60571820 
4823.68965394 
4823.99668151 
4824.08293763 
4824.13538372 
4824.31215284 
4824.41806175 
4824.64921044 
4825.01719284 
4825.06039538 
4825.18297287 
4825.36297513 
4825.46662864 
4825.55637184 
4825.93522136 
4826.00431903 
4826.36659994 
4826.63077588 
4826.69976658 
4827.16652878 
4828.46350078 
4828.66009564 
4828.95159432 
4829.13787991 
4829.19805795 
4829.40982678 
4829.55185211 
4829.79691711 
4829.88658232 
4831.12094392 
4831.46384596 
4831.59742453 
4832.16191680 
4832.42427021 
4832.80241491 
4833.11136996 
4833.17833820 
4833.43266174 
4833.63791129 
4833.67638109 
4833.76572939 
4833.82789090 
4834.02978935 
4834.09957584 
4834.53684685 
4836.18386496 
4836.28562897 
4836.34471729 
4836.69596512 
4836.90974341 
4837.24465157 
4837.41136535 
4837.69579290 
4838.29636658 
4838.35546391 
4838.55924785 
4838.67697662 
4839.10361245 
4839.67523981 
4839.74593106 
4839.78951449 
4840.17508321 
4840.47524159 
4840.84274010 
4840.93215138 
4842.05198731 
4842.16851740 
4842.76530408 
4843.02304570 
4843.10620864 
4843.87677222 
4843.94125511 
4844.16608247 
4844.26030147 
4844.56042585 
4844.61696785 
4844.75656982 
4844.92569895 
4845.16300599 
4845.67759348 
4845.80579747 
4845.86207254 
4845.94099860 
4846.09796396 
4847.14683369 
4847.32661000 
4848.21440447 
4848.36274211 
4848.83278141 
4849.04102316 
4849.14036880 
4849.86204134 
4850.02596685 
4850.19040222 
4850.43987503 
4850.79705027 
4851.17287656 
4851.67794756 
4851.80747819 
4851.90867534 
4852.86870763 
4853.13242266 
4853.34546214 
4853.60800948 
4853.80338364 
4854.00935099 
4855.69959853 
4856.15166258 
4856.27668041 
4856.55583134 
4857.53873554 
4857.94775602 
4858.09203973 
4858.23482085 
4858.33252592 
4858.85869731 
4859.22804731 
4859.43104344 
4859.74680666 
4860.04580032 
4860.16322417 
4860.25976855 
4860.34576773 
4860.42378303 
4860.61709473 
4860.73577224 
4861.62390658 
4861.71683092 
4861.92788192 
4862.02702161 
4862.43294290 
4863.84480126 
4864.31656608 
4864.35630253 
4864.42987801 
4864.69624133 
4864.75271434 
4864.80429365 
4865.91034015 
4865.97111802 
4866.59949727 
4866.73556117 
4866.88864055 
4867.02998304 
4867.26209644 
4867.48046250 
4867.55478677 
4868.16300537 
4868.27371599 
4868.52703477 
4868.62888674 
4868.88072491 
4869.33890832 
4870.25222195 
4871.28858992 
4871.67989407 
4871.88606836 
4872.03116585 
4872.13615699 
4872.22859446 
4872.27132212 
4873.35168041 
4873.62788511 
4874.36423369 
4876.49533710 
4876.73607821 
4876.85498865 
4877.00210661 
4877.11834376 
4877.26460094 
4877.42071851 
4877.49971754 
4877.55680739 
4877.81121487 
4878.00946026 
4878.12151951 
4878.40747662 
4878.73313519 
4879.15821637 
4879.35098521 
4880.85850910 
4880.91457622 
4881.20467722 
4881.59749496 
4881.85396989 
4881.91320617 
4882.24373944 
4882.44550888 
4882.89573838 
4883.23693982 
4883.29897536 
4883.49203911 
4883.58329989 
4883.64933037 
4884.49848098 
4884.55309349 
4884.68328193 
4885.75918636 
4885.83818239 
4885.98887339 
4886.13189343 
4886.29828227 
4886.35985092 
4886.86636548 
4887.09432097 
4887.44163778 
4887.94819633 
4888.26198703 
4889.49031399 
4889.85769347 
4890.62846588 
4890.75495630 
4891.03771624 
4891.66022900 
4891.82168914 
4891.95325322 
4892.04152078 
4892.28199795 
4892.41604037 
4892.64838669 
4892.75966415 
4892.82024507 
4893.44522817 
4893.70548008 
4893.91326993 
4894.52372088 
4894.69135938 
4896.11212822 
4896.20583934 
4896.26280322 
4897.58832834 
4897.92657755 
4898.35873982 
4898.43861562 
4898.46595236 
4898.69593830 
4898.80806454 
4899.14989479 
4899.23969395 
4899.33618934 
4899.58611699 
4900.17805384 
4900.74520428 
4900.86518942 
4901.28253063 
4901.36977447 
4901.47630519 
4901.60502401 
4901.98500414 
4902.05324902 
4902.33852828 
4902.60205432 
4902.79295464 
4902.95042983 
4903.05764137 
4903.13024409 
4903.23182313 
4903.31218379 
4903.55475039 
4903.81960308 
4903.90752174 
4904.11797287 
4905.25682651 
4905.62331221 
4906.06413218 
4906.15094013 
4907.20869830 
4908.01264185 
4909.00535828 
4909.21071376 
4909.68522178 
4909.84376868 
4910.15690854 
4910.23390510 
4910.31688507 
4910.54861154 
4911.14041341 
4911.37850619 
4911.45348829 
4911.55304485 
4911.93858849 
4912.04274683 
4912.52846786 
4912.64380424 
4913.47935839 
4914.05702800 
4914.12087105 
4914.31063866 
4914.72045685 
4915.30764194 
4915.41656302 
4915.82115859 
4915.94602943 
4916.12462501 
4917.18586022 
4917.46472117 
4917.53187934 
4917.99871238 
4918.64766606 
4918.76383022 
4918.99528776 
4919.46846811 
4919.81605881 
4920.01762529 
4920.05736573 
4920.27598968 
4920.52994225 
4920.62354839 
4920.83828237 
4920.89887928 
4921.61481117 
4921.67029743 
4921.85504237 
4922.01412313 
4922.22749247 
4922.34397854 
4922.43694685 
4922.55083661 
4922.94493995 
4923.04020766 
4923.43071596 
4923.52442607 
4923.68588720 
4923.77702899 
4923.92521864 
4924.16646658 
4924.24695620 
4924.42290148 
4924.63086226 
4924.79960145 
4924.88990447 
4924.99696603 
4925.06195478 
4925.26521080 
4925.33710871 
4925.42476943 
4925.95071776 
4926.01748603 
4926.14127216 
4926.25456207 
4926.36940457 
4926.61994704 
4926.69069725 
4927.29969652 
4927.50947581 
4927.58465085 
4928.03267187 
4928.25198963 
4928.44838547 
4928.49890706 
4928.60147382 
4928.68182248 
4929.08571422 
4929.26950341 
4929.37413362 
4929.69425961 
4929.83515019 
4929.98641302 
4930.06148308 
4931.05112226 
4931.14735171 
4931.59408007 
4931.98229696 
4932.25631519 
4932.34316912 
4932.45209120 
4932.52911674 
4932.58638353 
4932.83384381 
4933.00829048 
4933.20969699 
4933.47908245 
4933.56452276 
4934.33057230 
4934.53494803 
4934.97111119 
4935.03226794 
4935.17384334 
4935.24858249 
4935.44028258 
4935.75714443 
4935.88613517 
4935.92851691 
4936.08785259 
4936.56488990 
4936.77483414 
4936.88921676 
4936.96040085 
4937.01165224 
4937.26853001 
4937.34212347 
4937.72655036 
4937.82923109 
4938.20437945 
4938.28648365 
4938.37641776 
4938.43435737 
4938.50406186 
4938.59847078 
4938.71991053 
4938.82179047 
4939.06040010 
4939.13471636 
4939.27048730 
4939.64160273 
4939.95263112 
4940.05808911 
4940.18763470 
4940.65232428 
4940.74416188 
4940.80648133 
4940.90825330 
4941.26093663 
4941.41568952 
4942.92078675 
4943.06349885 
4943.97218449 
4944.51923718 
4945.85979910 
4945.97289706 
4946.10360934 
4946.22087719 
4946.66281880 
4947.01310176 
4947.31916746 
4947.41999168 
4947.95308307 
4948.10105777 
4948.96487531 
4949.23401682 
4949.39748340 
4949.79720422 
4949.95791453 
4950.25132759 
4950.62635396 
4951.38758275 
4951.75624082 
4951.82783480 
4952.34680494 
4952.45435338 
4952.69026271 
4953.53209008 
4953.65159733 
4953.93083716 
4954.33984050 
4954.44367192 
4954.55707480 
4954.66177398 
4955.72133651 
4955.96536768 
4956.64056431 
4956.98860485 
4957.06076168 
4957.29687196 
4957.45758127 
4957.51440517 
4957.59632841 
4957.91378107 
4958.09735230 
4958.72497457 
4958.81600639 
4958.88228278 
4959.34944167 
4960.26810461 
4960.42457805 
4960.49553819 
4961.38279648 
4961.72658514 
4962.06247990 
4962.12694578 
4962.35100825 
4962.47147424 
4962.70439036 
4963.18847076 
4964.11898654 
4964.26045895 
4965.73221493 
4966.28042328 
4967.33329255 
4967.65461018 
4968.61910392 
4968.75563365 
4969.52392452 
4969.90606898 
4970.02752171 
4970.07890806 
4970.22721365 
4970.33797922 
4970.84371785 
4971.18940300 
4971.55369121 
4971.69894361 
4972.61118723 
4972.67158618 
4972.75652461 
4973.38926449 
4973.42138195 
4974.65877117 
4974.73872392 
4974.99391512 
4975.09200605 
4975.16339408 
4975.43143286 
4975.52386330 
4975.94867642 
4976.08877720 
4976.16268156 
4976.40315466 
4976.47877257 
4976.59402194 
4976.70787169 
4976.76944333 
4976.87493330 
4977.39145805 
4977.45289073 
4977.52415679 
4977.65380534 
4978.22665112 
4978.72100376 
4978.98640424 
4979.86517172 
4979.97256719 
4980.03976833 
4980.18589750 
4980.75598601 
4980.95024139 
4981.62954388 
4981.72462361 
4981.87450378 
4981.93389400 
4982.48693104 
4983.53150546 
4983.61668182 
4984.10782331 
4984.66208302 
4985.37202135 
4985.94778435 
4986.04819067 
4986.33548332 
4986.92354604 
4987.14671473 
4987.29784257 
4987.41483848 
4987.55846031 
4988.62565970 
4988.76952047 
4989.30837227 
4989.74389052 
4989.94788131 
4990.02646743 
4990.41610388 
4990.47225995 
4990.73814929 
4991.14817832 
4991.20662279 
4991.59671712 
4992.12549059 
4992.37526421 
4992.63347858 
4993.74914607 
4994.10593225 
4994.89704199 
4994.97792250 
4995.08476110 
4995.29982194 
4995.59100455 
4995.64966596 
4995.79661291 
4995.97440366 
4996.53362403 
4996.87055248 
4997.32507867 
4997.56497891 
4997.66794055 
4999.04475261 
4999.10659718 
4999.24005071 
4999.38579997 
4999.94029259 
5000.24662417 
5000.73282094 
5000.82108748 
5000.88872451 
5001.07068614 
5001.16730246 
5001.25159606 
5001.44268427 
5002.09735626 
5002.89491427 
5003.25706101 
5003.37678619 
5003.50186194 
5003.59869621 
5003.76750634 
5003.85656966 
5004.00177807 
5004.12777258 
5005.13281643 
5005.22588669 
5005.33340711 
5005.45256844 
5005.71500568 
5005.97661315 
5006.40839837 
5006.46036856 
5006.85365002 
5006.96617711 
5007.59438513 
5008.04601108 
5008.18970788 
5008.62831429 
5008.80875533 
5009.33529837 
5009.93508293 
5009.96560982 
5010.41728975 
5011.38835562 
5011.47793581 
5011.77433002 
5011.86419513 
5012.06546063 
5012.27462003 
5012.35383397 
5012.77946783 
5012.84487744 
5013.16560718 
5014.18403645 
5014.44875208 
5014.75468275 
5014.93166671 
5015.28026304 
5015.89000095 
5015.98596943 
5016.53541137 
5017.50894357 
5017.63101511 
5017.75970890 
5017.87644487 
5018.05382771 
5018.73751096 
5018.88092583 
5019.80608188 
5019.99922454 
5021.25283726 
5021.75664632 
5021.83891445 
5021.91059639 
5022.00500629 
5022.07918057 
5022.17385640 
5023.48147676 
5023.70844142 
5024.31974990 
5024.79364591 
5025.86093415 
5026.08250124 
5026.15733735 
5026.23759301 
5026.95476733 
5027.02523960 
5027.12378940 
5027.22776275 
5028.59778050 
5028.65397656 
5028.92528143 
5029.01166746 
5029.62994907 
5029.89159051 
5030.03198918 
5030.10934061 
5030.31639856 
5030.53478150 
5030.62405676 
5030.69211066 
5030.78763027 
5031.08138116 
5031.14517820 
5031.81421632 
5032.02831839 
5032.10432518 
5032.37313571 
5033.31184212 
5033.81135230 
5033.90093948 
5034.23873966 
5034.29226943 
5035.26857684 
5035.33662874 
5035.46652320 
5036.21738955 
5036.72909249 
5037.28565050 
5038.30011975 
5038.41761951 
5039.23052235 
5039.52660062 
5040.49895006 
5040.55416138 
5040.68086369 
5040.74807182 
5041.12250925 
5041.22697547 
5041.29467647 
5041.37610382 
5041.60065911 
5041.75608977 
5043.10303560 
5043.51554291 
5044.34307885 
5045.24831612 
5045.95947001 
5046.06067710 
5046.17033993 
5046.35323530 
5046.53715439 
5046.63750170 
5046.71403335 
5047.04374367 
5047.12264269 
5047.24667271 
5047.42615797 
5048.43093977 
5048.52791898 
5048.81218738 
5048.93615842 
5049.79710046 
5049.85091915 
5049.98405774 
5050.03214295 
5050.78427193 
5051.08396923 
5051.17982774 
5051.34184965 
5051.88861924 
5051.97084037 
5052.08647062 
5052.17454820 
5052.30221425 
5052.45401787 
5052.58712347 
5052.85739660 
5053.06898533 
5053.19498382 
5053.50382468 
5053.60358815 
5053.67515512 
5053.74942136 
5053.87282355 
5054.03439358 
5054.17637182 
5054.62090459 
5055.21986930 
5055.34767131 
5055.60171774 
5055.68453472 
5056.19940778 
5056.30596344 
5056.44709991 
5056.52869920 
5056.67851036 
5056.77146564 
5056.86184360 
5057.03094863 
5057.13869397 
5057.98628854 
5058.36095990 
5058.45302141 
5058.55493531 
5058.58185315 
5058.89848293 
5059.02948409 
5059.15455883 
5059.38999121 
5059.75130511 
5059.86094895 
5060.07988372 
5060.99392361 
5061.09831085 
5061.16373545 
5061.22240784 
5061.65610349 
5062.49601910 
5062.64052066 
5062.72014249 
5062.82438176 
5062.93238903 
5063.05487646 
5063.51463217 
5063.66483922 
5063.99946622 
5064.05164434 
5064.60173402 
5064.94488175 
5065.19205601 
5065.48812726 
5066.13540209 
5066.60031043 
5066.77718239 
5066.84392164 
5066.95929095 
5067.05115751 
5067.13780347 
5068.33176289 
5068.38526865 
5068.53448996 
5068.82843977 
5068.95081522 
5069.09069601 
5069.33484607 
5069.85644233 
5070.45188394 
5070.77851706 
5070.98033738 
5071.25940614 
5071.47237049 
5071.87551426 
5072.47741915 
5072.63133021 
5072.88234044 
5073.98146406 
5074.64678408 
5075.46640405 
5076.14237224 
5076.59276643 
5076.81401057 
5078.03303629 
5079.13958992 
5081.08398566 
5081.13672263 
5081.44637725 
5081.59309322 
5081.70091854 
5081.77176769 
5082.00498765 
5082.08797257 
5082.62326916 
5083.06154157 
5084.03745794 
5084.42596158 
5084.70340477 
5084.79547528 
5084.99425140 
5085.83971047 
5086.04080997 
5086.17680979 
5086.27180251 
5086.83547155 
5087.49031733 
5087.63643646 
5087.74325304 
5087.83668518 
5089.21945730 
5089.34593565 
5089.50930118 
5089.62366076 
5090.05192282 
5091.35290568 
5091.48854159 
5093.95672690 
5094.54823052 
5094.68986484 
5094.83678375 
5095.06455714 
5095.15698755 
5095.22628411 
5095.64434588 
5095.85564266 
5096.48491923 
5096.57770454 
5096.80088516 
5096.86102016 
5097.64522950 
5097.71629459 
5098.04334257 
5098.59537669 
5098.65776009 
5098.93518727 
5099.03126271 
5099.40094434 
5099.45940079 
5100.11038657 
5100.58099835 
5100.62148458 
5100.72906995 
5101.12944841 
5101.34518101 
5101.49205993 
5102.40159091 
5102.51357012 
5102.60363515 
5102.73376552 
5103.69998842 
5103.76565495 
5103.87752618 
5103.93093397 
5104.05822709 
5104.28802895 
5104.56175411 
5104.60662617 
5105.13141452 
5105.94792325 
5106.02288031 
5106.66731282 
5107.63835143 
5107.78874640 
5107.84805762 
5107.96365986 
5108.52183832 
5108.59757117 
5108.89474009 
5109.00653734 
5109.73249616 
5109.82237724 
5109.92766422 
5110.04613669 
5110.13707449 
5110.22044131 
5110.41204932 
5110.55318176 
5110.71718512 
5110.86042400 
5110.94962327 
5111.06118058 
5111.17763659 
5111.27780793 
5111.42350916 
5111.56966226 
5111.67857128 
5111.81168586 
5111.92441486 
5112.06846852 
5112.20269380 
5112.34034317 
5112.47748668 
5112.61492210 
5112.75001315 
5112.89776783 
5113.04423485 
5113.20319355 
5113.29506110 
5113.38092126 
5113.49190872 
5113.62622298 
5113.92463556 
5114.06828133 
5114.23294651 
5114.29738236 
5114.38766134 
5115.04449354 
5115.52346007 
5115.84651210 
5115.99735896 
5116.05627428 
5116.29631740 
5116.40407572 
5117.29239031 
5117.37624999 
5118.47975531 
5118.56190745 
5118.67316184 
5118.75814122 
5118.87466421 
5118.96722158 
5119.07219464 
5119.17972703 
5119.28246368 
5119.66134885 
5119.75948573 
5119.86787088 
5120.40581072 
5120.45618031 
5120.57600442 
5120.66367509 
5120.71402669 
5121.27089848 
5121.32444823 
5121.48003182 
5121.59725762 
5121.69077873 
5122.10879148 
5122.22544443 
5122.32003526 
5122.49979442 
5122.59539697 
5122.89806142 
5122.98114331 
5123.41107488 
5123.48469829 
5123.63202808 
5123.85860777 
5124.08177837 
5124.24633858 
5124.31224004 
5124.53409599 
5125.00261729 
5125.06128968 
5125.29862451 
5125.35180335 
5125.48964767 
5125.95027707 
5126.65596324 
5127.79754540 
5128.49040299 
5128.56968189 
5128.74513419 
5129.09376440 
5129.20263142 
5129.45207703 
5129.55271024 
5129.65846409 
5129.84684395 
5130.23448178 
5130.48693258 
5131.07318654 
5131.14619411 
5131.70727376 
5131.80533066 
5131.90704259 
5131.99241087 
5132.04308338 
5132.14857530 
5132.24111867 
5132.64189199 
5132.74160245 
5132.85195908 
5132.98206545 
5133.10605644 
5133.17775336 
5133.60254029 
5133.68844243 
5133.75060288 
5133.90755210 
5134.33284090 
5134.57031969 
5134.74645880 
5135.58814676 
5135.74689551 
5135.86476613 
5135.99089956 
5136.06199963 
5136.12077399 
5136.23363494 
5136.37966307 
5136.48939287 
5136.61388173 
5136.70174334 
5136.74464092 
5136.87525116 
5137.00439678 
5137.14265298 
5137.28465418 
5137.40370649 
5137.47390480 
5137.55111325 
5137.70804748 
5137.83976241 
5138.27548143 
5138.35892722 
5138.42691812 
5138.57589646 
5138.89299805 
5138.95740491 
5139.05966869 
5139.67687639 
5139.77140923 
5139.83558414 
5140.00406529 
5140.06513404 
5140.13068459 
5140.18634377 
5140.33854026 
5140.71764934 
5140.77360245 
5141.26478170 
5142.37906607 
5142.45904178 
5142.54349430 
5142.63874395 
5142.71106470 
5142.82106741 
5142.91391869 
5143.01503278 
5143.11228689 
5143.26742259 
5143.39527656 
5143.54254835 
5143.63428993 
5143.81326129 
5143.91630286 
5144.00719866 
5144.14480903 
5144.19656425 
5144.27287693 
5144.39947323 
5144.53740451 
5144.59771246 
5144.67098295 
5144.80459939 
5145.03748439 
5145.30861021 
5146.05558136 
5146.48439021 
5146.70150641 
5147.08465641 
5147.13467809 
5147.35415966 
5147.46407140 
5147.58971895 
5147.81637661 
5147.96233176 
5148.04321223 
5148.21163139 
5148.27944934 
5148.50254094 
5148.74573020 
5148.89552332 
5148.96495484 
5149.08772216 
5149.20695841 
5149.68999082 
5149.80731359 
5149.91148086 
5150.17295225 
5151.85831956 
5151.96562099 
5152.71349889 
5152.86086565 
5152.97016555 
5153.13563150 
5153.23129103 
5153.37895672 
5153.42670101 
5153.51747684 
5153.60453666 
5154.24201395 
5154.82751806 
5154.89773137 
5155.08285508 
5155.91225927 
5156.04596667 
5156.60883481 
5157.27569227 
5157.42610022 
5157.48129153 
5157.57644919 
5157.67302348 
5158.60475441 
5159.15613661 
5159.34250399 
5159.45285661 
5159.51533997 
5159.61981415 
5159.71735518 
5160.01098400 
5160.12363801 
5160.26630602 
5160.36056193 
5160.48298034 
5161.53952103 
5161.64168083 
5161.70642959 
5162.28581432 
5162.55588642 
5162.67220145 
5162.74600979 
5162.96011679 
5163.23796881 
5163.45807420 
5164.10952075 
5164.20391661 
5164.40149501 
5164.45871577 
5164.97739167 
5165.05886097 
5165.60684307 
5165.77298083 
5167.01757543 
5167.10744750 
5167.20875053 
5167.32272418 
5167.65750904 
5167.76920930 
5167.87798033 
5168.02258883 
5168.13918678 
5168.26113331 
5168.39239536 
5168.58599181 
5168.66562061 
5169.90345600 
5170.99500235 
5171.59511955 
5171.67088737 
5171.77636828 
5171.89819584 
5172.12410369 
5172.21405374 
5172.34941369 
5172.47933210 
5172.59333174 
5172.69040189 
5172.83730677 
5172.91729747 
5173.07506346 
5173.67203350 
5173.84122944 
5173.90977619 
5174.24028518 
5174.37034155 
5174.57755137 
5174.65039197 
5174.79936330 
5174.93552205 
5175.05602296 
5175.32521228 
5175.41336380 
5175.49717248 
5175.67329158 
5175.91180907 
5176.22998434 
5176.40364310 
5177.47463390 
5177.53468091 
5177.62334030 
5178.48095392 
5179.14451821 
5179.90523763 
5179.99862076 
5180.72148126 
5181.30840296 
5181.44891754 
5181.55501428 
5181.67285490 
5182.40222066 
5182.52728136 
5183.30770252 
5183.34180544 
5183.60667090 
5183.99025175 
5184.45401724 
5184.64154930 
5184.73136738 
5184.80939760 
5184.88864849 
5184.98349023 
5185.66332718 
5186.09353461 
5186.17872092 
5186.23285550 
5186.41302652 
5186.53572184 
5186.85155173 
5187.16740961 
5187.33755130 
5187.46791458 
5188.36600640 
5188.84230654 
5189.01204234 
5189.06755355 
5190.87117619 
5191.36356605 
5191.45778296 
5191.53346580 
5191.59849548 
5193.18797715 
5193.40763164 
5193.82547436 
5193.94625319 
5194.04338632 
5194.14380957 
5194.24643424 
5194.45723409 
5194.63749508 
5194.68428862 
5194.82387044 
5194.93643746 
5195.27602001 
5195.34446378 
5195.58126171 
5195.81330591 
5196.44488269 
5196.51949882 
5196.57407028 
5196.75071023 
5196.87182797 
5197.12692103 
5197.23572905 
5197.46760529 
5197.57852175 
5197.69046893 
5197.72717115 
5198.16447868 
5198.22196536 
5199.32617925 
5200.42893553 
5202.00925059 
5202.11843451 
5202.19415934 
5203.23456221 
5203.64115891 
5203.84687411 
5204.99046949 
5205.15290423 
5205.56559330 
5206.49572953 
5206.66246512 
5206.79931767 
5207.08527049 
5207.15867394 
5207.47686818 
5207.66872608 
5207.80172665 
5208.06008383 
5208.13832698 
5208.42364098 
5209.72472640 
5210.18567961 
5210.25197995 
5210.48767116 
5211.23060825 
5211.57740887 
5211.65383851 
5212.34754871 
5212.68241151 
5213.34918089 
5213.48566753 
5213.75765007 
5214.00972292 
5214.09355159 
5214.16078768 
5214.76937156 
5214.80540896 
5215.36811605 
5215.76539522 
5216.28336323 
5216.39291505 
5216.59657979 
5216.69155749 
5216.81353299 
5217.19345878 
5217.28073953 
5218.52784429 
5219.11026013 
5219.28989028 
5219.36217902 
5219.59657757 
5219.96516738 
5220.30775111 
5220.70708472 
5220.92745102 
5221.27217218 
5221.86248091 
5222.26295622 
5222.76620714 
5222.90025643 
5224.05965154 
5224.12192295 
5224.69653786 
5225.01148895 
5225.07718545 
5225.52248081 
5225.58303568 
5225.65615320 
5225.75860390 
5225.86885453 
5225.95872459 
5226.08543683 
5226.86591789 
5227.07992587 
5227.18909078 
5227.46452940 
5227.64527424 
5227.90217580 
5228.03305893 
5228.22467887 
5228.34193263 
5228.99499663 
5229.13990303 
5229.79399675 
5229.86167472 
5230.01046708 
5230.50043053 
5232.27748505 
5232.34220181 
5232.40445223 
5232.50607715 
5232.64469821 
5232.73786039 
5232.84649045 
5232.93857491 
5233.03121823 
5233.22542948 
5233.36392058 
5234.10695560 
5234.24541471 
5234.74263423 
5234.81337338 
5235.71711258 
5236.02086864 
5236.23479364 
5237.23266775 
5237.62763351 
5237.90572341 
5237.97845303 
5238.81307064 
5239.47339869 
5239.55166884 
5239.97372138 
5240.19639504 
5240.31398071 
5241.69564554 
5241.78732511 
5241.85297462 
5242.08952759 
5242.68216667 
5243.40187689 
5243.63716519 
5243.74051365 
5243.83682698 
5244.31143152 
5244.51000860 
5244.58966237 
5244.64339506 
5245.37675263 
5245.69671137 
5246.87109243 
5247.03546762 
5247.19706356 
5247.28734950 
5247.36184565 
5247.45892678 
5247.65485857 
5247.98396587 
5248.47255966 
5248.58345011 
5248.66771366 
5249.15410304 
5249.23420870 
5249.54557372 
5250.87281003 
5251.10272576 
5251.18266945 
5251.24325731 
5251.69896087 
5251.78107298 
5252.56769335 
5253.44193237 
5253.53801077 
5253.67384157 
5254.10971541 
5254.46595447 
5254.58085185 
5255.39642250 
5255.47412579 
5255.57364527 
5255.66853798 
5255.91983801 
5255.97708875 
5256.26762732 
5256.56288863 
5257.04587892 
5257.97716372 
5258.21138330 
5258.36013166 
5258.77872710 
5258.90762574 
5259.58426541 
5259.77589134 
5259.94337470 
5260.10444378 
5260.33198213 
5260.86220582 
5261.19287969 
5261.47236520 
5261.53760682 
5261.69961964 
5261.89917245 
5262.02496893 
5262.23646956 
5262.54681584 
5262.62193382 
5263.03150766 
5263.12848182 
5263.47814163 
5263.56252514 
5264.78295686 
5264.87933817 
5264.95624867 
5265.07959480 
5265.55166098 
5265.74864448 
5265.84432698 
5266.71029217 
5267.16394526 
5267.96517670 
5268.25538435 
5268.93058139 
5269.24762888 
5269.38586304 
5269.53675182 
5269.64465906 
5269.76956577 
5269.79864402 
5270.26648932 
5270.35657631 
5270.73559128 
5270.83105184 
5271.02179900 
5271.61981760 
5271.74537213 
5272.64412258 
5272.92704017 
5273.13265936 
5273.19972748 
5273.35648570 
5273.53057530 
5273.59852518 
5273.69172034 
5273.86941198 
5274.11866854 
5274.29733692 
5274.39128188 
5274.47080568 
5274.94584706 
5275.40538756 
5275.50728440 
5275.79508869 
5276.04878207 
5276.27522271 
5276.40842620 
5276.50483750 
5277.03152711 
5277.14603359 
5277.49963933 
5277.58069972 
5277.64606130 
5278.37704845 
5279.03141602 
5279.19633406 
5280.08985188 
5280.34450400 
5280.37266949 
5280.50613891 
5281.06845702 
5281.62867368 
5281.94803655 
5282.39460051 
5282.48767270 
5282.55063891 
5282.77161501 
5283.33588859 
5283.44571231 
5283.61848126 
5283.69506884 
5284.29546379 
5284.54205905 
5286.06952087 
5286.49914334 
5286.62793400 
5286.88694996 
5287.16705129 
5287.25156975 
5290.64965987 
5291.15948195 
5291.81661977 
5292.07682740 
5292.34513287 
5293.13616598 
5293.44276824 
5293.81185184 
5294.06636899 
5294.39693786 
5294.69413363 
5294.75281598 
5295.08854048 
5295.88705659 
5296.27908007 
5296.38665439 
5297.40757921 
5297.74301778 
5297.84753091 
5297.99792482 
5298.28244696 
5298.56033587 
5298.71383195 
5299.08092108 
5299.44105806 
5299.49499768 
5300.52325253 
5300.65946922 
5300.77212618 
5301.40449258 
5302.40537972 
5303.16274180 
5303.33337830 
5303.48340330 
5303.56373388 
5303.87467698