5338.10457801 
5338.21136353 
5338.28570171 
5338.36489858 
5338.63930840 
5339.89554135 
5339.95673702 
5340.49806464 
5341.02275370 
5342.54824483 
5342.66509366 
5342.78981940 
5343.35504464 
5343.58117333 
5344.52432077 
5345.31146981 
5345.51488856 
5345.82905676 
5346.37792736 
5346.76842820 
5347.97178223 
5348.53105406 
5348.60147727 
5348.96362268 
5349.00533355 
5349.46044116 
5349.70655451 
5350.20529748 
5351.12685666 
5351.55178931 
5351.67989214 
5351.83650037 
5351.99652868 
5352.99044156 
5353.07306353 
5353.16176486 
5353.47361268 
5354.60139385 
5354.77660311 
5354.83336997 
5355.63611484 
5356.13595350 
5356.21203621 
5358.26661914 
5358.37999690 
5358.70740756 
5359.06690466 
5359.22760879 
5359.42972887 
5359.82643705 
5360.14951086 
5360.69387065 
5361.15526257 
5361.40874495 
5361.78341500 
5361.92158414 
5362.06867690 
5362.15005919 
5362.25397447 
5362.57523477 
5363.09709855 
5363.53034397 
5363.61285096 
5364.36222605 
5364.44447911 
5364.62350635 
5364.68693543 
5364.85776086 
5365.47323766 
5365.52968061 
5365.65755249 
5366.70819621 
5368.46890749 
5368.65112787 
5368.82767677 
5368.90117117 
5369.17007843 
5369.28156568 
5369.44692257 
5369.88983241 
5369.96818250 
5370.01572182 
5370.70931978 
5371.12371123 
5371.23282611 
5371.48899777 
5371.99484782 
5372.45675858 
5372.52282196 
5372.70220510 
5373.39527719 
5373.49472866 
5374.51528738 
5374.63593419 
5374.82156667 
5374.99953619 
5375.07471413 
5375.25476609 
5375.35251801 
5375.49519295 
5375.76862199 
5376.13004957 
5377.35490477 
5377.97153725 
5378.07721406 
5378.16901857 
5378.83521482 
5379.11021945 
5379.18354288 
5379.28140677 
5379.33461658 
5379.88589449 
5381.29947333 
5381.37048239 
5381.51470991 
5382.17632238 
5382.23425992 
5382.33663161 
5382.53396596 
5382.63549587 
5382.92723902 
5383.05138090 
5383.36681874 
5384.03541135 
5384.30174028 
5384.37570855 
5385.01343139 
5385.01343139 
5385.07264659 
5385.07264659 
5385.16428514 
5385.16428514 
5385.36443973 
5385.36443973 
5386.61071320 
5386.61071320 
5386.78884067 
5386.78884067 
5386.97120401 
5386.97120401 
5387.15227870 
5387.15227870 
5387.81320634 
5387.81320634 
5388.05108287 
5388.05108287 
5389.77403314 
5389.77403314 
5390.75832750 
5390.75832750 
5391.07628765 
5391.07628765 
5392.35714987 
5392.35714987 
5392.57278733 
5392.57278733 
5392.76821518 
5392.76821518 
5392.89373169 
5392.89373169 
5393.11160655 
5393.11160655 
5393.17632229 
5393.17632229 
5393.25878528 
5393.25878528 
5393.60019718 
5393.60019718 
5393.87279144 
5393.87279144 
5393.97351656 
5393.97351656 
5394.76120437 
5394.76120437 
5395.24392556 
5395.24392556 
5396.11052531 
5396.11052531 
5396.42168828 
5396.42168828 
5396.53865707 
5396.53865707 
5396.90186015 
5396.90186015 
5397.13067009 
5397.51661610 
5398.20573221 
5398.51089178 
5398.70210075 
5398.91833705 
5399.05163748 
5399.17519950 
5399.62216223 
5400.14616440 
5400.50423185 
5400.64536918 
5400.77449872 
5400.86519252 
5401.00745356 
5401.53665933 
5401.58766172 
5401.73273701 
5401.88688287 
5402.60504023 
5403.19927165 
5404.70409606 
5405.20825752 
5405.65971004 
5405.77774954 
5406.33597457 
5406.75462484 
5407.34360966 
5407.56040380 
5407.65300609 
5408.74930851 
5408.86605036 
5409.93531299 
5410.47387126 
5410.76841765 
5411.31121279 
5411.41232981 
5412.44636984 
5412.67473189 
5412.80905504 
5412.94739712 
5413.04712051 
5413.13872906 
5413.24974043 
5413.38101839 
5413.80741359 
5413.91835598 
5414.06503284 
5414.52410732 
5414.61076619 
5415.12351234 
5415.19831638 
5415.43224294 
5415.52261482 
5415.56221526 
5415.77198227 
5416.61846935 
5416.72588668 
5417.80743402 
5419.01536462 
5419.12813153 
5420.22459888 
5421.04796412 
5421.21048874 
5421.27516548 
5421.35138213 
5421.83618174 
5421.96028861 
5422.09888662 
5422.72195132 
5422.84530140 
5422.91478285 
5423.32263099 
5423.44815849 
5423.50344073 
5424.00740322 
5424.36879676 
5424.72940551 
5424.80135231 
5425.67782436 
5426.17043888 
5426.26094172 
5426.40667282 
5427.47650826 
5427.62001696 
5427.76833337 
5427.83511155 
5427.90562972 
5428.05778911 
5428.71816784 
5429.10493660 
5429.49001082 
5429.69779135 
5429.75543497 
5430.55981126 
5430.59835997 
5430.80283239 
5431.11159297 
5431.42003764 
5431.60565709 
5432.94523452 
5432.94523452 
5433.13117789 
5433.13117789 
5433.29167105 
5433.29167105 
5433.60991110 
5433.70039194 
5433.87734771 
5433.87734771 
5434.15167648 
5434.15167648 
5434.38649380 
5434.38649380 
5434.52250549 
5434.52250549 
5435.12368902 
5435.12368902 
5435.72507748 
5435.72507748 
5435.89333357 
5435.89333357 
5436.23148130 
5436.23148130 
5436.50024656 
5436.50024656 
5436.72134154 
5436.72134154 
5437.22909900 
5437.22909900 
5437.38834749 
5437.38834749 
5437.94885787 
5437.94885787 
5438.13788740 
5438.13788740 
5438.24883579 
5438.24883579 
5438.66982641 
5438.66982641 
5439.00392022 
5439.00392022 
5439.67317157 
5439.67317157 
5439.85325949 
5439.85325949 
5439.98939915 
5439.98939915 
5440.37461332 
5440.37461332 
5440.60114285 
5440.60114285 
5440.80739579 
5440.80739579 
5440.95047259 
5440.95047259 
5441.04342478 
5441.04342478 
5441.21500698 
5441.21500698 
5441.58968596 
5441.58968596 
5442.24782526 
5442.24782526 
5442.38684215 
5442.38684215 
5443.11980448 
5443.11980448 
5443.23365709 
5443.23365709 
5443.58696977 
5443.58696977 
5443.69034817 
5443.69034817 
5443.82835233 
5443.82835233 
5443.92167442 
5443.92167442 
5444.66739135 
5444.66739135 
5444.80450974 
5444.80450974 
5444.94116526 
5445.17688033 
5445.30248380 
5446.02276052 
5446.32213759 
5446.42503412 
5447.15444040 
5447.31506552 
5447.57310463 
5448.27240094 
5449.47978961 
5449.57253185 
5449.66241585 
5449.79023473 
5449.89973650 
5450.01862975 
5450.14969876 
5450.28633628 
5450.51228396 
5450.66495320 
5450.73949530 
5450.88463655 
5450.98080488 
5451.08362443 
5451.65204968 
5452.21866040 
5453.08019340 
5453.19343916 
5453.29996272 
5454.30582318 
5454.78448538 
5454.85073070 
5454.91527647 
5455.60906824 
5455.99792042 
5457.29049632 
5457.41543896 
5457.79789385 
5458.09464962 
5458.26336657 
5458.41060826 
5458.47442122 
5458.62071517 
5458.80924983 
5458.96919512 
5459.65229474 
5460.34853185 
5460.45621210 
5460.75229705 
5460.84858834 
5461.02064940 
5461.15673307 
5461.23939300 
5461.30657306 
5461.39935329 
5461.63587014 
5461.73688317 
5461.90113631 
5462.04733828 
5462.33753580 
5462.45752476 
5462.61278430 
5463.31833692 
5463.76758897 
5464.20506916 
5464.28535473 
5464.78698579 
5464.86270057 
5464.99887821 
5465.08159713 
5465.26474722 
5465.33854152 
5465.53156798 
5466.01036714 
5466.80583974 
5467.59906094 
5467.92255357 
5468.42092250 
5468.74029722 
5469.09778177 
5469.19361518 
5469.57034959 
5469.67228237 
5470.14622382 
5470.24234915 
5470.32423729 
5470.75874426 
5471.38830916 
5472.06934531 
5472.53584574 
5472.64073274 
5472.70280416 
5473.85108754 
5473.96533004 
5474.05590585 
5474.12487844 
5474.73371486 
5474.86427700 
5475.09679591 
5475.75842823 
5476.48536412 
5476.56921973 
5476.95348712 
5477.05420522 
5477.55359087 
5478.13163751 
5478.74457884 
5478.90561983 
5479.07429579 
5479.46016375 
5479.68403197 
5480.40702690 
5480.77727403 
5480.89080071 
5481.48009535 
5481.83101864 
5481.83101864 
5482.40500836 
5482.40500836 
5482.50167454 
5482.50167454 
5482.91127416 
5482.91127416 
5483.14443390 
5483.14443390 
5483.35068882 
5483.35068882 
5483.88000747 
5483.88000747 
5484.29979536 
5484.29979536 
5484.47189740 
5484.47189740 
5484.56081466 
5484.56081466 
5484.62643114 
5484.62643114 
5484.98699285 
5484.98699285 
5485.43589497 
5485.43589497 
5486.03575278 
5486.03575278 
5486.10277388 
5486.10277388 
5486.18102898 
5486.18102898 
5486.50271607 
5486.50271607 
5487.50893136 
5487.50893136 
5487.84156853 
5487.84156853 
5487.97378322 
5487.97378322 
5488.20755579 
5488.20755579 
5488.41521333 
5488.41521333 
5488.62924017 
5488.62924017 
5488.70880393 
5488.70880393 
5488.79967366 
5488.79967366 
5488.92566701 
5488.92566701 
5489.08877445 
5489.08877445 
5490.11897633 
5490.11897633 
5490.68226390 
5490.68226390 
5491.53236587 
5491.53236587 
5492.07964871 
5492.07964871 
5492.16265954 
5492.16265954 
5492.33298405 
5492.33298405 
5492.41156206 
5492.41156206 
5492.64393500 
5492.64393500 
5493.15951331 
5493.15951331 
5493.20439632 
5493.20439632 
5493.49245939 
5493.59395129 
5493.96979891 
5494.33139234 
5494.56520090 
5494.62505991 
5495.87507906 
5496.13760195 
5497.12766053 
5497.24058937 
5499.64768149 
5500.03331849 
5500.24371630 
5500.33356730 
5500.44159945 
5501.28095527 
5501.70180686 
5501.94476897 
5502.44968911 
5502.59391059 
5502.71812442 
5503.02572326 
5503.26561019 
5503.38689580 
5503.46956372 
5503.60128054 
5504.30159049 
5506.11199494 
5506.78847326 
5506.91956324 
5507.02154600 
5507.53877185 
5507.57257882 
5507.76038866 
5508.55858246 
5508.63562289 
5508.91102133 
5509.10240021 
5509.99310430 
5510.37375163 
5510.49644585 
5510.68350389 
5510.98259000 
5511.06012429 
5511.73076616 
5512.70134691 
5512.97930566 
5513.08940725 
5513.30262630 
5513.37652456 
5514.10672552 
5514.37594560 
5514.87310580 
5516.50131088 
5516.58639116 
5517.00671788 
5517.61764469 
5517.79494433 
5517.87071909 
5518.15188498 
5518.25756075 
5518.58331674 
5518.72639452 
5518.81084096 
5518.98922531 
5519.23484470 
5519.34447941 
5519.99045186 
5520.23392082 
5520.34162005 
5520.68547420 
5520.74862233 
5520.95506718 
5521.45204842 
5521.75308001 
5522.10742435 
5522.20099836 
5522.27749892 
5522.36471063 
5522.43442900 
5522.61099284 
5523.16724524 
5523.27327492 
5523.43918560 
5523.54065149 
5524.21921922 
5524.58251917 
5524.63422436 
5524.95647628 
5525.15685475 
5525.88183708 
5526.09505712 
5526.24116409 
5526.31137633 
5526.43055849 
5526.52959204 
5527.29454169 
5527.48185065 
5527.87711306 
5528.00333234 
5528.22671167 
5528.30754507 
5528.72817770 
5529.09742006 
5529.47154911 
5529.78107742 
5530.07552376 
5530.69683978 
5532.33352954 
5532.33352954 
5532.68022991 
5532.68022991 
5532.78298546 
5532.78298546 
5532.88305273 
5532.88305273 
5533.46729265 
5533.46729265 
5533.60872586 
5533.60872586 
5534.49042431 
5534.49042431 
5534.87413480 
5534.87413480 
5534.99859055 
5534.99859055 
5535.69586727 
5535.69586727 
5535.97090779 
5535.97090779 
5536.33314301 
5536.33314301 
5536.42989616 
5536.42989616 
5536.98151279 
5536.98151279 
5537.13160069 
5537.13160069 
5537.29328050 
5537.29328050 
5537.55588134 
5537.55588134 
5537.84146504 
5537.84146504 
5538.13223936 
5538.13223936 
5538.50071192 
5538.50071192 
5538.60879904 
5538.60879904 
5539.26179958 
5539.26179958 
5539.91063923 
5539.91063923 
5540.50910434 
5540.50910434 
5540.86091435 
5540.86091435 
5541.04562800 
5541.04562800 
5541.14677097 
5541.14677097 
5541.29368372 
5541.29368372 
5541.58266851 
5541.58266851 
5541.93583016 
5541.93583016 
5542.47342853 
5542.47342853 
5542.89064106 
5542.89064106 
5543.37330210 
5543.47411717 
5543.90447019 
5545.05044901 
5545.80649600 
5546.12073005 
5546.44276600 
5546.49340147 
5546.62637795 
5547.13470713 
5548.17601291 
5548.37805392 
5549.95447772 
5550.03294276 
5550.68153846 
5551.19148220 
5551.37123917 
5552.50362261 
5552.62238488 
5553.34702925 
5553.41461219 
5554.02324157 
5554.14438720 
5554.50164774 
5554.55111652 
5554.69212584 
5555.11181870 
5555.53119064 
5555.83417669 
5556.14846671 
5557.04542704 
5557.30862871 
5557.92144396 
5559.14276161 
5559.66976579 
5559.89104766 
5560.54687942 
5560.62151647 
5561.20280214 
5561.94815797 
5562.17843944 
5562.27552650 
5563.22053297 
5563.37451283 
5563.58175145 
5563.63713465 
5564.20142086 
5564.36960792 
5564.51428526 
5565.00980984 
5565.10566223 
5566.16032340 
5566.22983282 
5567.28372420 
5567.39254512 
5567.92685433 
5568.00350585 
5568.53774509 
5568.58907637 
5569.25664197 
5569.48517590 
5569.61860125 
5570.76042311 
5570.92660071 
5571.61991643 
5572.09372181 
5573.08456302 
5573.77186634 
5573.87184862 
5575.16162294 
5575.32621296 
5575.43813405 
5575.52906675 
5575.60878144 
5575.99367358 
5576.09714493 
5576.20418132 
5576.30537328 
5577.11035015 
5577.24093725 
5578.88669543 
5579.03160570 
5579.35754359 
5580.07710829 
5580.21213220 
5580.39256498 
5580.75505910 
5581.06478332 
5581.12859827 
5581.28260511 
5581.37031467 
5581.87201159 
5581.97764436 
5582.36696131 
5582.36696131 
5582.63230639 
5582.63230639 
5582.67852104 
5582.67852104 
5582.86683471 
5582.86683471 
5583.07434425 
5583.76248034 
5583.76248034 
5584.04645844 
5584.16674630 
5584.43611630 
5584.43611630 
5584.59460894 
5584.59460894 
5585.85208087 
5585.85208087 
5585.98650994 
5585.98650994 
5587.55819788 
5587.55819788 
5587.73499562 
5587.73499562 
5587.85588231 
5587.85588231 
5588.86859165 
5588.86859165 
5588.99764815 
5588.99764815 
5589.32778592 
5589.32778592 
5589.41082572 
5589.41082572 
5589.54937769 
5589.54937769 
5589.67125312 
5589.67125312 
5589.91220871 
5589.91220871 
5590.11237622 
5590.11237622 
5590.21551965 
5590.21551965 
5590.59286779 
5590.59286779 
5592.20575970 
5592.20575970 
5592.31858655 
5592.31858655 
5593.26891754 
5593.26891754 
5593.33060305 
5593.33060305 
5593.61246572 
5593.72775390 
5594.16382935 
5594.24632330 
5594.46133783 
5595.06439364 
5595.61047268 
5595.76216913 
5595.84678652 
5595.95645820 
5596.83730576 
5597.47674585 
5598.47876202 
5598.56065813 
5599.65500062 
5600.36162774 
5600.46698958 
5601.12186153 
5601.27037883 
5601.60306691 
5602.62750507 
5603.76135199 
5603.93546145 
5604.36857468 
5604.51516650 
5606.38605639 
5607.58519785 
5607.65601092 
5607.76369414 
5607.94150461 
5608.76467656 
5608.95129868 
5609.85556495 
5610.10410152 
5610.23047773 
5610.32869848 
5610.68053842 
5611.38635275 
5612.06764562 
5612.43904934 
5612.61656589 
5614.42048966 
5614.51704184 
5614.88537438 
5615.00707785 
5615.63829910 
5615.72896087 
5616.33323133 
5616.50288497 
5616.56544425 
5616.69115464 
5617.21738097 
5617.28939072 
5617.52401799 
5617.64208643 
5618.01433592 
5618.56243939 
5618.62996334 
5618.73809543 
5618.92586024 
5619.00631273 
5619.63614035 
5619.72026986 
5619.97745011 
5620.03041695 
5620.67644824 
5620.92161970 
5621.28720096 
5621.51723047 
5622.08365904 
5623.06516064 
5623.13894792 
5624.46695788 
5624.56061184 
5624.66721434 
5624.77129352 
5624.91255875 
5625.67843100 
5626.05834943 
5627.00897728 
5627.49598807 
5628.27016509 
5628.35781566 
5629.31141471 
5630.21956491 
5630.29622242 
5630.43189214 
5631.15566764 
5632.01688538 
5632.12039971 
5632.18533035 
5632.49263418 
5633.29480471 
5633.59220220 
5633.65000475 
5634.08924831 
5634.08924831 
5634.22382533 
5634.22382533 
5634.30628428 
5634.30628428 
5635.57518602 
5635.57518602 
5637.33383481 
5637.33383481 
5637.82231920 
5637.94938923 
5638.84215452 
5638.84215452 
5639.12618758 
5639.12618758 
5639.30607148 
5639.30607148 
5639.74603285 
5639.74603285 
5640.07327935 
5640.07327935 
5640.36202915 
5640.36202915 
5640.43996231 
5640.43996231 
5641.24293061 
5641.24293061 
5641.37323577 
5641.37323577 
5641.55872717 
5641.55872717 
5641.73432722 
5641.73432722 
5643.10987143 
5643.10987143 
5643.35016817 
5643.35016817 
5643.77862961 
5643.77862961 
5643.93675133 
5643.93675133 
5644.10886431 
5644.10886431 
5645.52548752 
5645.66866324 
5646.45319547 
5647.70634039 
5648.68695118 
5648.99095389 
5650.70511952 
5652.78065053 
5652.90224601 
5654.45896074 
5654.52080020 
5655.12943545 
5655.25373121 
5655.49009601 
5655.69682173 
5655.75179203 
5656.09986095 
5656.29997144 
5656.63771812 
5656.72893773 
5657.18191460 
5657.63436461 
5657.74280961 
5657.92520583 
5658.04635143 
5658.57940489 
5658.69771425 
5659.12729837 
5659.48304824 
5660.01453111 
5660.11678277 
5660.34288930 
5660.65920672 
5660.82348678 
5661.14536971 
5661.40818043 
5663.04167159 
5663.84813093 
5663.97918788 
5664.62085528 
5665.17955587 
5665.50893478 
5665.62828787 
5666.41920935 
5667.12798380 
5668.33825614 
5668.40743764 
5668.55262381 
5668.63466287 
5668.78649026 
5670.67330166 
5670.81228349 
5671.07078836 
5671.23864847 
5671.49683342 
5672.72326242 
5672.85194000 
5672.97877408 
5673.12493499 
5673.21336234 
5673.83609280 
5673.95431118 
5674.04784617 
5674.16932468 
5674.46374494 
5674.59381515 
5674.69618777 
5674.77527562 
5674.98507551 
5675.01462860 
5676.97247398 
5677.05254157 
5677.41871463 
5678.53202487 
5678.62014931 
5678.91705490 
5679.00459049 
5679.42027431 
5680.21040598 
5680.37645757 
5680.68325152 
5681.89942724 
5682.84557818 
5683.48715158 
5683.73063346 
5683.95301098 
5685.19257744 
5685.73579315 
5685.82541418 
5686.87599518 
5686.87599518 
5687.34844881 
5687.34844881 
5688.92699259 
5688.92699259 
5689.09733803 
5689.09733803 
5689.16844201 
5689.16844201 
5689.37997943 
5689.37997943 
5689.62946570 
5689.62946570 
5690.47294909 
5690.47294909 
5690.69302222 
5690.69302222 
5692.15993285 
5692.15993285 
5692.84971635 
5692.84971635 
5692.93964829 
5692.93964829 
5693.57100742 
5693.57100742 
5694.06154520 
5694.06154520 
5694.43454443 
5694.43454443 
5695.13321255 
5695.13321255 
5696.19313703 
5696.19313703 
5696.39041626 
5696.39041626 
5697.08698394 
5698.29460891 
5698.54508591 
5698.62050773 
5699.37596165 
5700.45906893 
5700.69701128 
5700.78173361 
5700.86811851 
5700.91763226 
5702.03201616 
5702.65146446 
5703.27149860 
5703.94232815 
5704.03301389 
5704.12529221 
5704.37666797 
5704.56463468 
5705.21465780 
5705.36299112 
5705.48018577 
5705.63697283 
5707.10313661 
5707.96692354 
5708.03929018 
5708.63673636 
5708.68067860 
5709.50717550 
5710.12671877 
5710.26576657 
5711.08635405 
5711.45907534 
5711.99652856 
5712.25141937 
5712.40083640 
5712.50533644 
5712.58952092 
5712.72232540 
5712.99549432 
5713.09754002 
5713.16430916 
5713.87511700 
5713.97800447 
5714.77126826 
5714.89330861 
5714.98487811 
5715.08291988 
5715.52704907 
5715.72393039 
5715.94662482 
5716.03505416 
5716.10416067 
5716.74679975 
5716.81374484 
5717.17080631 
5717.52387886 
5718.41147540 
5718.53265998 
5718.61702941 
5718.86022634 
5719.09730692 
5720.95171680 
5721.04771811 
5721.42387848 
5721.72161282 
5721.79600392 
5722.95333928 
5723.53242536 
5724.23712182 
5724.38103832 
5724.46365921 
5725.01192253 
5725.38811088 
5725.58200600 
5725.89480831 
5726.90985374 
5727.01273222 
5727.71001166 
5727.82834000 
5729.11452888 
5729.98278358 
5730.79919414 
5730.87572267 
5731.27644545 
5731.34526404 
5731.47064949 
5731.60244023 
5732.04136279 
5732.21448147 
5732.32044512 
5732.97532890 
5733.09855293 
5733.17103854 
5733.38300582 
5733.45279515 
5733.64467981 
5733.88657109 
5733.95173765 
5734.16496460 
5735.30155849 
5736.02942174 
5736.30883998 
5737.39859539 
5737.89491759 
5738.30441902 
5738.38987316 
5738.81982911 
5738.96439643 
5739.52018772 
5741.17103699 
5741.17103699 
5741.82929586 
5741.82929586 
5742.08397171 
5742.08397171 
5742.65592367 
5742.65592367 
5743.06193303 
5743.06193303 
5743.15900906 
5743.27931787 
5743.27931787 
5743.58614876 
5743.58614876 
5744.68845381 
5744.68845381 
5745.23016585 
5745.23016585 
5745.67489285 
5745.67489285 
5746.47152869 
5746.47152869 
5747.19301862 
5747.19301862 
5747.38528118 
5747.38528118 
5747.52162869 
5747.52162869 
5748.32426592 
5748.32426592 
5748.74122234 
5748.74122234 
5749.22824102 
5749.22824102 
5749.38907199 
5749.38907199 
5749.74957152 
5749.74957152 
5749.78667959 
5749.78667959 
5750.26981531 
5751.43364687 
5751.59099577 
5751.63098906 
5751.90848281 
5752.58335421 
5752.83866989 
5753.02692652 
5753.54706733 
5754.44130403 
5754.55291716 
5754.73548131 
5754.84183885 
5755.06332757 
5755.63396087 
5755.71711362 
5756.90198654 
5757.10360459 
5757.32653193 
5757.45570836 
5757.55819294 
5757.65503202 
5758.46850233 
5758.55399945 
5758.84542247 
5758.92310368 
5759.18804978 
5761.67876723 
5761.77137345 
5762.08518447 
5762.16417333 
5762.59576683 
5762.79657709 
5762.96653360 
5763.52845622 
5764.22213558 
5764.33222812 
5764.44466203 
5765.45955742 
5765.69987311 
5767.77849482 
5768.18107408 
5768.63327206 
5769.66048115 
5769.71987426 
5769.98601903 
5770.09896880 
5770.14236818 
5770.79441568 
5770.86707123 
5771.13679704 
5771.75979831 
5771.96391168 
5772.11452037 
5772.32147198 
5772.55886945 
5773.94537137 
5774.00335285 
5774.71409763 
5774.98253279 
5775.07551590 
5775.30799168 
5775.50628561 
5775.61622219 
5776.16732769 
5776.37888907 
5777.09929326 
5777.40022371 
5777.84934051 
5777.95252989 
5779.14699820 
5779.26590637 
5779.40889910 
5779.75000181 
5779.83462716 
5780.15643302 
5780.29173081 
5780.43632911 
5781.48101550 
5781.57608605 
5781.65843001 
5781.76895243 
5781.98337704 
5782.04284612 
5782.24271063 
5782.31331073 
5783.20793728 
5783.33973901 
5783.42323366 
5783.53794995 
5783.83920632 
5784.21592349 
5784.38470132 
5784.54229414 
5784.86657734 
5784.92384901 
5785.12242386 
5785.86582288 
5786.55531733 
5786.66461908 
5786.78435703 
5788.35279122 
5788.53538034 
5788.57178660 
5789.37517556 
5789.47542573 
5789.64481439 
5789.86066361 
5790.40211868 
5790.60485642 
5790.71193275 
5792.43072269 
5792.99604836 
5795.95661289 
5795.95661289 
5796.06893283 
5796.06893283 
5796.41855324 
5796.41855324 
5796.52071790 
5796.52071790 
5797.01451372 
5797.01451372 
5797.31978400 
5797.31978400 
5798.47877476 
5798.47877476 
5798.76479620 
5798.76479620 
5799.74094190 
5799.74094190 
5800.82980743 
5800.82980743 
5801.56628028 
5801.56628028 
5801.81418692 
5801.81418692 
5802.08159534 
5802.08159534 
5802.38713955 
5802.38713955 
5802.84794519 
5802.84794519 
5802.93032014 
5802.93032014 
5803.21473401 
5803.21473401 
5805.70065454 
5806.19850527 
5806.27991248 
5806.58727919 
5807.60606347 
5807.68171422 
5808.07564976 
5808.65649627 
5808.98020861 
5809.41410645 
5809.57273599 
5809.99226768 
5811.84425589 
5812.59550877 
5812.69800833 
5812.75948887 
5812.85854636 
5812.97256183 
5813.17637427 
5813.93399645 
5814.09475341 
5814.36642468 
5815.42165518 
5816.18186966 
5816.29108942 
5816.92951650 
5816.99560681 
5817.22493342 
5817.31675683 
5817.73406811 
5817.85314923 
5817.99902318 
5818.44903470 
5818.62409883 
5818.80064757 
5819.01948298 
5819.12639936 
5819.29945203 
5819.35416738 
5819.60261187 
5819.89919347 
5820.07624107 
5820.16891026 
5820.29773677 
5820.37709452 
5820.81600601 
5821.68017665 
5821.78668514 
5822.04732136 
5822.13047610 
5822.52176134 
5822.79294274 
5824.88673517 
5825.00268113 
5825.14243271 
5825.33409240 
5825.47054586 
5825.67214189 
5826.27307100 
5826.34942956 
5826.68467880 
5826.77003695 
5827.35005266 
5828.07565739 
5828.40224095 
5828.86698552 
5829.11075025 
5829.80199218 
5829.85994866 
5830.04082524 
5830.14404560 
5830.82738564 
5831.45218536 
5831.67672324 
5831.75137225 
5831.91897937 
5832.04077676 
5832.24343550 
5832.37042750 
5834.26430442 
5834.82609700 
5834.92759283 
5835.16729265 
5835.27863184 
5835.49301744 
5836.55433027 
5836.67841904 
5837.29195977 
5837.52801956 
5837.67807038 
5838.06399405 
5838.31192467 
5838.45283394 
5838.54527619 
5838.87954768 
5838.94966591 
5839.49037613 
5839.59007543 
5839.85099757 
5840.64000031 
5840.99844633 
5841.13278736 
5841.20225276 
5841.29777318 
5841.42101518 
5841.75845683 
5841.90526452 
5842.05092752 
5842.36466751 
5842.84411213 
5843.01094846 
5843.51465059 
5843.77365723 
5843.80494785 
5843.99436014 
5844.79112879 
5844.88476172 
5845.30783443 
5845.41427493 
5845.53270522 
5845.91954564 
5846.23711060 
5847.42612922 
5847.84455417 
5847.95710604 
5849.21853526 
5849.76745827 
5850.25889068 
5850.37653517 
5850.74579629 
5850.74579629 
5850.80411868 
5850.80411868 
5851.21735502 
5851.21735502 
5851.62821500 
5851.62821500 
5852.17608629 
5852.17608629 
5852.48516953 
5852.48516953 
5852.68094410 
5852.68094410 
5853.47451360 
5853.47451360 
5853.77028440 
5853.77028440 
5854.12042863 
5854.12042863 
5855.02261904 
5855.02261904 
5855.34009303 
5855.34009303 
5855.49878753 
5855.49878753 
5855.91113511 
5855.91113511 
5856.11197933 
5856.11197933 
5856.22975279 
5856.22975279 
5856.38545609 
5856.38545609 
5856.46895373 
5856.46895373 
5856.67820170 
5856.67820170 
5857.22687277 
5857.22687277 
5857.44871037 
5857.44871037 
5858.11403220 
5858.11403220 
5858.63883966 
5858.63883966 
5858.75352395 
5858.75352395 
5859.06170842 
5859.06170842 
5859.52568817 
5859.52568817 
5859.66903878 
5860.31080992 
5860.78788816 
5861.18969156 
5861.29466645 
5861.91901325 
5862.00296776 
5862.12081820 
5862.31945601 
5863.13169149 
5863.55156705 
5863.71911918 
5863.95813017 
5864.39048939 
5865.71791390 
5866.09162682 
5866.18003714 
5866.81219085 
5867.83609364 
5868.04388099 
5868.37437848 
5869.85118598 
5869.92101228 
5870.05269801 
5870.26843523 
5870.46238329 
5870.55253215 
5871.18240746 
5872.45984034 
5872.60239916 
5873.08117194 
5873.77119414 
5873.93576706 
5874.03788172 
5874.35062496 
5874.71122938 
5874.81994426 
5874.98628671 
5875.06490966 
5875.50001813 
5875.56832183 
5877.16384652 
5877.28664263 
5877.41904417 
5877.55159367 
5877.67842870 
5877.78456427 
5878.27642054 
5878.92654842 
5879.04813885 
5879.12580205 
5880.53412886 
5881.04585880 
5881.90755901 
5881.97894489 
5882.29953803 
5882.47053523 
5882.62442901 
5884.03327867 
5884.46677257 
5884.54233533 
5884.83111098 
5885.50020377 
5885.70109697 
5886.08890410 
5886.34178637 
5886.44454184 
5886.53122863 
5886.73226878 
5886.83981797 
5886.94236751 
5887.37505861 
5887.53107682 
5888.26325072 
5890.47973104 
5890.56447434 
5890.72601308 
5891.45078994 
5892.15987702 
5892.43205711 
5892.52219097 
5893.02926715 
5893.19306827 
5893.69615252 
5894.70010361 
5895.28140390 
5895.48674690 
5895.92402777 
5896.36317414 
5896.51508945 
5896.61128369 
5896.78776341 
5897.12278668 
5899.04153572 
5899.30228587 
5899.40987405 
5899.51877888 
5899.84405375 
5899.92397934 
5900.23302356 
5900.35041312 
5901.92838443 
5901.99856063 
5902.08003481 
5902.20679885 
5902.36417770 
5902.60157411 
5903.24771303 
5903.33834175 
5903.49276138 
5903.64334605 
5903.93494294 
5904.30803200 
5905.17536366 
5905.57076374 
5905.76126971 
5906.31941220 
5906.84333985 
5907.33995082 
5909.60193389 
5909.60193389 
5909.72804910 
5909.72804910 
5910.03721828 
5910.03721828 
5910.10437329 
5910.23462140 
5910.23462140 
5911.23028468 
5911.23028468 
5913.28280184 
5913.28280184 
5913.36427101 
5913.36427101 
5914.38562940 
5914.38562940 
5915.17582372 
5915.17582372 
5916.59923440 
5916.72849977 
5917.10000425 
5917.27936820 
5918.11316483 
5918.19019619 
5918.81180066 
5918.94549885 
5919.02378188 
5920.37623955 
5920.97699561 
5921.84572188 
5921.96744927 
5922.49538683 
5922.80297743 
5922.86486485 
5923.91916839 
5924.05299554 
5924.38884557 
5924.52041732 
5924.76685529 
5924.87123033 
5924.97243222 
5925.40421854 
5926.23186581 
5926.93920130 
5927.12535843 
5927.69635345 
5927.74631507 
5929.32639874 
5929.47983663 
5929.58901838 
5929.93392398 
5930.31130287 
5930.65732017 
5930.95661598 
5931.06311045 
5932.12652654 
5932.20639514 
5932.33166358 
5932.42632422 
5932.66380759 
5933.32073359 
5933.40345742 
5933.68248867 
5933.84173900 
5934.40945289 
5934.46333046 
5935.17263742 
5935.27065716 
5936.17290142 
5936.31895429 
5936.38607731 
5936.87466440 
5937.16207140 
5937.28415269 
5937.41534254 
5937.66323512 
5937.92444014 
5938.07378412 
5938.28408778 
5938.45641660 
5938.57585160 
5939.81392189 
5939.89796937 
5940.56555250 
5940.85480700 
5940.96515443 
5941.12725000 
5941.34252632 
5941.56213648 
5942.12026394 
5942.25614353 
5942.35795025 
5942.66815614 
5942.79401141 
5943.09031502 
5943.74352900 
5943.88981981 
5944.52583439 
5944.64726685 
5944.78706340 
5945.02127964 
5945.18380409 
5945.32412850 
5945.47652666 
5945.58240229 
5946.23571424 
5946.83712710 
5948.38952314 
5948.55469488 
5948.79865251 
5949.25680075 
5949.36954055 
5949.68210379 
5950.14171064 
5950.22782557 
5950.27625559 
5950.42614243 
5950.63474253 
5950.77222270 
5950.89969654 
5952.14167575 
5952.28961711 
5952.34306479 
5953.24849217 
5953.45942065 
5953.58195982 
5953.83026828 
5954.58431923 
5954.66088671 
5954.75857953 
5954.88064982 
5955.01777408 
5955.14283857 
5955.29574760 
5955.38506866 
5955.56129344 
5955.77256283 
5955.93608301 
5956.25725995 
5956.51473695 
5956.69293420 
5956.80375251 
5957.46832643 
5957.58836926 
5958.73777926 
5958.80945606 
5959.67623679 
5959.73522198 
5960.78204547 
5961.96466556 
5962.05676088 
5962.17510917 
5962.28790394 
5963.82622972 
5963.92633689 
5964.01056132 
5964.08790759 
5964.47295641 
5964.69320739 
5965.74256419 
5965.74256419 
5965.82819624 
5965.82819624 
5967.51163411 
5967.51163411 
5968.31915571 
5968.31915571 
5969.73680481 
5969.73680481 
5970.37366614 
5970.37366614 
5970.44945983 
5970.44945983 
5971.05758586 
5971.05758586 
5971.60003949 
5971.60003949 
5972.43469282 
5972.43469282 
5972.57902014 
5972.57902014 
5975.06549179 
5975.95802759 
5976.20056260 
5977.30385192 
5977.40290038 
5977.53907588 
5977.99675523 
5978.07108531 
5978.16090123 
5978.31889789 
5978.41312664 
5978.51965409 
5979.32614595 
5980.68766007 
5980.81564776 
5980.93178364 
5981.05503961 
5981.20500742 
5981.36659811 
5981.50016931 
5982.09667545 
5982.17195427 
5982.53485201 
5982.65203361 
5982.72233877 
5983.14463959 
5983.54991197 
5983.67205124 
5983.78288853 
5983.99955446 
5984.24707613 
5984.39743683 
5984.46867074 
5984.99860771 
5985.20809257 
5985.28693444 
5985.67850649 
5985.91528503 
5986.26619498 
5986.64320794 
5987.30103364 
5987.68987442 
5988.00225870 
5988.14259509 
5989.04487926 
5989.33734288 
5989.43806788 
5989.74242731 
5990.26477931 
5991.00643653 
5991.45782555 
5991.52480160 
5992.15375503 
5993.49287611 
5994.69011423 
5994.81046397 
5995.04370945 
5995.21979726 
5995.38959675 
5995.68200437 
5996.08432154 
5996.62954241 
5997.00923164 
5997.15890452 
5997.64820138 
5997.78561655 
5997.89071238 
5998.99841348 
5999.51127002 
5999.58765155 
5999.74751070 
6000.41020107 
6000.53781087 
6000.76216974 
6000.85841794 
6000.94205352 
6001.20322252 
6001.64626577 
6001.73305950 
6002.19551455 
6002.36623579 
6002.49267690 
6002.76800710 
6002.86990179 
6002.97488165 
6003.14396533 
6003.25085668 
6005.16537951 
6005.25260713 
6005.61187283 
6005.72386181 
6005.81135536 
6006.08384732 
6007.07170653 
6008.43936893 
6010.01926644 
6010.16040261 
6010.25931910 
6010.60130943 
6011.19449442 
6011.34808125 
6011.53352654 
6012.00031942 
6012.11718309 
6012.33263434 
6012.41230798 
6013.42628018 
6013.67758082 
6014.05566048 
6014.57754758 
6014.73238507 
6015.42183826 
6016.35923798 
6017.24604027 
6017.52761879 
6017.85922090 
6018.99519738 
6019.08987900 
6019.63840996 
6019.81886359 
6020.27224805 
6020.49807851 
6021.03595432 
6021.41094480 
6022.36558689 
6022.63992635 
6022.69735195 
6023.22463561 
6023.33324949 
6025.15012043 
6025.15012043 
6026.04518549 
6026.04518549 
6026.23786084 
6026.23786084 
6027.24793206 
6027.24793206 
6029.22652664 
6029.22652664 
6029.64965521 
6029.64965521 
6030.44463409 
6030.44463409 
6032.87251321 
6033.18888740 
6033.41245746 
6033.51457408 
6034.21321379 
6034.33926599 
6034.54085095 
6034.84400168 
6035.19294513 
6035.87479433 
6036.76361105 
6038.68089403 
6039.22689865 
6039.66351959 
6039.90569067 
6040.87193462 
6041.08958727 
6041.34805597 
6041.43033791 
6042.39984998 
6042.58981605 
6044.43250902 
6044.47051683 
6045.35256335 
6046.89842289 
6047.26666316 
6047.38986113 
6047.52371324 
6047.66239306 
6047.79827863 
6047.95597835 
6049.77507763 
6050.98135420 
6052.44539667 
6052.72319119 
6053.38088085 
6055.59356058 
6056.24056610 
6056.88055551 
6057.17065072 
6057.25416233 
6058.17988412 
6058.28878592 
6058.43852977 
6058.61183730 
6058.72079409 
6059.85498998 
6060.95850609 
6061.02482831 
6061.53436269 
6061.62876237 
6064.75022040 
6065.34631456 
6065.64652107 
6065.77969236 
6065.91678760 
6066.03370725 
6066.12323724 
6066.23662284 
6066.33025573 
6066.49577535 
6066.59530066 
6066.96342895 
6067.07931688 
6069.02046137 
6069.56931920 
6069.67325133 
6069.84037652 
6069.93653873 
6070.05679448 
6070.19655001 
6070.34105526 
6070.47600408 
6071.55200555 
6071.74389209 
6072.79932208 
6072.89624409 
6073.10340454 
6073.30176635 
6073.44889290 
6073.55495946 
6074.00357016 
6074.22042901 
6074.33421250 
6074.74141530 
6076.19590528 
6076.98673221 
6077.10623017 
6077.36643339 
6077.43129000 
6077.53541708 
6077.87344443 
6078.42172041 
6078.97210881 
6079.22315549 
6079.47366931 
6080.90074063 
6081.24388861 
6083.16909733 
6083.24319046 
6083.87843711 
6084.12048420 
6085.25627562 
6085.25627562 
6085.37472385 
6085.37472385 
6085.87856974 
6085.87856974 
6085.95677476 
6085.95677476 
6086.45165705 
6086.45165705 
6086.70006843 
6086.70006843 
6087.26223868 
6087.26223868 
6088.03014674 
6088.03014674 
6088.82446772 
6088.82446772 
6089.11278940 
6089.11278940 
6089.81348749 
6089.81348749 
6090.10784855 
6090.10784855 
6090.44680465 
6090.44680465 
6090.78642757 
6090.78642757 
6090.95652895 
6090.95652895 
6093.02149417 
6095.04653509 
6095.22490425 
6095.43350731 
6095.98875939 
6097.19329635 
6097.28668831 
6097.41157281 
6097.59211839 
6097.81792283 
6098.11999482 
6098.31841461 
6098.80327557 
6099.08328248 
6099.98936347 
6101.16165707 
6101.37670939 
6101.55222032 
6101.72529890 
6101.91763332 
6102.59488768 
6102.71920834 
6103.53887651 
6103.64041128 
6104.02018542 
6104.16635822 
6104.95340313 
6105.63502232 
6106.61255814 
6106.84323027 
6106.92059253 
6107.53321822 
6108.28036783 
6108.39807326 
6108.48592170 
6109.15100232 
6109.21396643 
6109.64315432 
6109.70934956 
6110.66699871 
6111.74812174 
6112.83740459 
6113.46568407 
6113.96346556 
6116.16603479 
6118.05062431 
6118.14468808 
6118.36707443 
6119.66600403 
6119.70328703 
6120.09168485 
6120.25289861 
6120.35234993 
6120.55614227 
6120.79588297 
6122.21461143 
6122.35324224 
6122.49203801 
6122.62441951 
6122.74752748 
6122.89609863 
6123.04467878 
6123.20070293 
6123.36208764 
6123.52567376 
6123.71065814 
6123.83347220 
6124.06910700 
6124.28826821 
6124.48034969 
6124.58712505 
6124.68783404 
6125.60877101 
6125.73906406 
6126.07245464 
6126.66216945 
6127.82780979 
6128.13841647 
6128.33731012 
6128.44303176 
6128.72215489 
6129.09006021 
6129.31761417 
6129.41107710 
6129.49011390 
6129.54751950 
6129.69474900 
6129.76875315 
6130.11992895 
6130.45621675 
6130.75652819 
6130.84030772 
6131.21128821 
6131.39078606 
6131.59025155 
6131.66659507 
6131.75110041 
6132.21928582 
6132.36908764 
6132.41715274 
6132.77095284 
6132.86190344 
6133.05610335 
6133.17816061 
6133.26952910 
6133.59354418 
6133.66962877 
6133.81412901 
6134.01549400 
6134.44836688 
6134.55112232 
6135.15108038 
6135.32511270 
6135.77748235 
6136.23555947 
6136.70206833 
6137.01620206 
6137.17512043 
6137.92716770 
6138.14758957 
6139.14358639 
6139.65040943 
6140.16745973 
6140.59817419 
6140.69912011 
6140.76531035 
6140.88415347 
6140.98356980 
6141.22425724 
6141.63400532 
6141.75694834 
6142.07420223 
6142.30808549 
6142.61184900 
6142.86346851 
6143.42476593 
6144.27838894 
6144.40740733 
6144.56537995 
6144.75780933 
6145.44129497 
6147.46725548 
6147.46725548 
6147.60272514 
6147.60272514 
6147.74263261 
6147.74263261 
6147.87694158 
6147.95511960 
6148.06865714 
6148.06865714 
6148.18003527 
6148.18003527 
6148.35473740 
6148.35473740 
6148.47290570 
6148.55150161 
6148.55150161 
6148.67506147 
6148.67506147 
6148.78824610 
6148.88683465 
6148.88683465 
6150.68309677 
6150.68309677 
6151.51513756 
6151.51513756 
6151.99313632 
6151.99313632 
6153.12336111 
6153.32151995 
6153.53172656 
6153.75429485 
6154.06797670 
6154.41528552 
6154.51540666 
6155.23830373 
6155.47185507 
6155.58093281 
6155.83914853 
6156.10446535 
6156.22737338 
6156.43599341 
6156.61510736 
6156.75221957 
6157.08754861 
6157.41202656 
6157.53718598 
6158.11298650 
6158.21258079 
6158.30683750 
6158.39103291 
6158.47967513 
6158.62803333 
6158.75133725 
6158.85162934 
6159.05997944 
6159.22095625 
6159.48488245 
6159.61703799 
6159.65702426 
6161.35278332 
6161.64909282 
6161.76203852 
6162.17020901 
6162.85139526 
6162.97005842 
6163.20724079 
6163.72686638 
6163.90491961 
6165.12330572 
6165.76942137 
6165.83625644 
6165.97181707 
6166.31470308 
6166.43241050 
6166.53636361 
6167.38998359 
6167.62666308 
6168.24106724 
6168.37188214 
6168.49331157 
6168.57516061 
6168.83799909 
6170.65509456 
6170.73816427 
6170.87116959 
6173.09586869 
6174.40477451 
6175.65444321 
6175.78114821 
6175.88555720 
6175.95856161 
6176.08508466 
6176.16092032 
6176.33331706 
6176.49351408 
6176.55129158 
6176.66804825 
6176.81547169 
6177.07195688 
6177.20470626 
6177.36468433 
6177.53439080 
6177.64415635 
6177.76109597 
6178.43130915 
6178.93129699 
6179.16386359 
6179.42033678 
6179.54868734 
6179.77426481 
6179.84876182 
6179.95329178 
6180.04310568 
6180.70493610 
6184.74648467 
6184.79269827 
6184.98748701 
6185.10240817 
6185.56643566 
6185.65572570 
6185.77072285 
6186.00893793 
6186.15784897 
6187.13506776 
6189.14412567 
6189.93737182 
6190.11596990 
6190.23144591 
6190.56586718 
6190.70933068 
6190.77029133 
6193.17871607 
6193.85566542 
6194.79338979 
6194.92541736 
6195.32059032 
6196.30684667 
6196.39489804 
6196.50791472 
6199.06212332 
6200.43285549 
6201.10117815 
6204.76811713 
6204.90188523 
6205.01779113 
6205.25637810 
6205.85993713 
6206.45707689 
6207.74945107 
6208.68695149 
6208.68695149 
6208.98442666 
6208.98442666 
6209.95137617 
6209.95137617 
6212.50255153 
6212.50255153 
6212.71867653 
6212.71867653 
6213.32216058 
6213.32216058 
6213.65484030 
6213.65484030 
6214.10384180 
6214.10384180 
6214.53998876 
6214.53998876 
6215.93954816 
6216.65018745 
6216.76266926 
6216.86423200 
6217.43936666 
6217.57347267 
6218.17889919 
6218.34392990 
6219.77647744 
6220.01159634 
6221.05925917 
6221.31915142 
6221.43232805 
6221.57933660 
6222.53169101 
6222.57800958 
6222.75395436 
6223.52060660 
6225.10330584 
6226.36961598 
6226.48607273 
6226.63027403 
6226.93530016 
6227.18237185 
6228.23715576 
6228.33411374 
6230.72541694 
6230.92123139 
6231.12201350 
6231.38218367 
6232.06228714 
6232.12283889 
6232.87949981 
6232.97772444 
6234.19588250 
6234.29666945 
6234.52395844 
6234.64747429 
6234.85527352 
6235.35457751 
6237.10227543 
6237.98623118 
6238.08272528 
6239.08187110 
6239.57716617 
6239.71373451 
6240.30344823 
6240.87339425 
6240.95350775 
6242.62644872 
6243.12057910 
6244.37127140 
6244.56302393 
6244.62822843 
6244.73603249 
6244.85790678 
6245.04098464 
6245.15046925 
6245.85006348 
6246.17443141 
6246.40660209 
6246.93054346 
6247.12472534 
6248.40548757 
6249.15611009 
6249.26335430 
6250.48512336 
6251.26756433 
6251.44152764 
6251.54958363 
6251.64651162 
6251.76558765 
6251.86123398 
6251.95944662 
6252.16178031 
6252.31232090 
6252.46359529 
6252.60796354 
6252.78533693 
6252.88570999 
6254.66688388 
6254.77628752 
6255.20072758 
6255.33337698 
6255.52344696 
6255.65273825 
6255.77240713 
6255.85168485 
6255.98465516 
6256.10659743 
6256.24280187 
6256.33708356 
6256.65456834 
6256.75095446 
6256.92892369 
6256.99069111 
6257.42325800 
6258.60644540 
6259.40022732 
6259.49111292 
6260.21716403 
6261.06397072 
6262.54565598 
6262.71165042 
6262.80440752 
6262.88733826 
6263.02568713 
6264.31374836 
6264.71499465 
6266.17207451 
6266.26974130 
6266.37185188 
6266.48565634 
6266.61673215 
6266.76499435 
6268.20017509 
6270.18593202 
6270.29886870 
6270.38962434 
6270.50211014 
6270.61121385 
6270.74056013 
6270.86777698 
6271.00394043 
6271.13308476 
6271.28078711 
6271.42568821 
6271.54566300 
6271.73696865 
6271.90704199 
6272.07359828 
6272.25445373 
6272.62732863 
6272.69987415 
6272.82526449 
6272.82526449 
6273.02994955 
6273.02994955 
6273.22261582 
6273.22261582 
6273.43396009 
6273.43396009 
6273.64939526 
6273.64939526 
6274.11713369 
6274.11713369 
6274.50363993 
6274.50363993 
6274.57185062 
6274.57185062 
6274.81220710 
6274.81220710 
6274.97706484 
6274.97706484 
6275.07756486 
6275.07756486 
6275.20631530 
6275.32211921 
6275.32211921 
6275.38879431 
6275.38879431 
6276.16390123 
6276.16390123 
6276.40014281 
6276.40014281 
6276.97693796 
6276.97693796 
6277.11189273 
6277.11189273 
6277.24016130 
6277.24016130 
6277.42061486 
6277.42061486 
6277.56384840 
6277.56384840 
6277.72258479 
6277.72258479 
6277.87989856 
6277.87989856 
6278.50190657 
6278.64560600 
6278.82425004 
6278.97856561 
6279.16331101 
6279.47546721 
6279.97779536 
6280.88966956 
6280.98915785 
6281.16465573 
6281.26787202 
6281.52288056 
6281.65347450 
6282.04256305 
6283.01717240 
6283.14070024 
6283.21313179 
6284.26220215 
6285.14662871 
6285.27807342 
6285.42048919 
6285.97137829 
6286.04340496 
6286.62283740 
6286.71380198 
6287.25542157 
6287.57001911 
6288.84925167 
6288.97309942 
6289.12122465 
6289.27135834 
6289.48736535 
6289.58555099 
6289.69137358 
6289.76535672 
6290.40362836 
6291.19139386 
6291.62903537 
6292.78803620 
6292.89119250 
6293.01748060 
6293.14078649 
6293.24245320 
6293.69339713 
6293.83884208 
6294.00047369 
6294.15567202 
6294.32879754 
6294.50162214 
6294.69163212 
6294.86447472 
6295.06102495 
6295.16592878 
6295.25448501 
6295.43711997 
6296.87343135 
6297.77885226 
6298.04809797 
6298.21629181 
6298.32319711 
6298.90210268 
6299.07440842 
6299.17368076 
6299.44621559 
6299.52695591 
6300.91644285 
6301.41249966 
6301.68250717 
6301.90663399 
6302.01878488 
6302.39819901 
6302.47124840 
6302.91488929 
6303.07654888 
6303.25090307 
6303.42811949 
6304.24248084 
6304.49169592 
6305.03953183 
6305.27645822 
6305.36026771 
6306.72578608 
6307.43277225 
6307.65742393 
6307.86396748 
6308.71132996 
6309.16004848 
6310.01352332 
6310.81011543 
6310.94405547 
6311.04014367 
6311.11905248 
6311.25919885 
6311.36452457 
6311.46544247 
6311.63516790 
6311.81500661 
6311.94494173 
6312.10623642 
6312.27694258 
6312.46823822 
6312.62467521 
6315.77478138 
6317.18339715 
6317.61117229 
6317.81331701 
6318.22234418 
6318.30166988 
6318.43812024 
6318.69358665 
6318.89181742 
6319.16032432 
6319.26389351 
6319.36903028 
6319.51210886 
6319.60859695 
6320.12380761 
6321.16868204 
6321.30030070 
6321.49385273 
6321.63129382 
6321.70731541 
6321.82000815 
6322.08263163 
6322.20713120 
6322.37693660 
6322.53850122 
6322.72513011 
6322.86634219 
6323.02587235 
6323.71611101 
6323.84140636 
6323.97781873 
6324.07904355 
6324.16549534 
6324.95679086 
6325.00485995 
6325.84588411 
6326.36660129 
6329.90602186 
6330.28708553 
6330.37550978 
6330.49647330 
6331.41422886 
6332.18718629 
6333.14786732 
6333.21443844 
6334.92325156 
6335.01151186 
6335.40510816 
6335.70206542 
6336.07989396 
6336.16361048 
6336.24233934 
6336.41580675 
6337.62037628 
6337.74465390 
6338.90636294 
6338.90636294 
6339.05374336 
6339.05374336 
6339.30562772 
6339.30562772 
6339.56907297 
6339.56907297 
6339.66859225 
6339.66859225 
6339.89914533 
6339.89914533 
6340.29941084 
6340.38877684 
6340.38877684 
6340.49994399 
6340.49994399 
6341.38402757 
6341.38402757 
6341.79337565 
6341.87223347 
6341.87223347 
6345.25025530 
6345.38410936 
6345.80695180 
6346.12080152 
6346.67129168 
6347.10599194 
6348.12929313 
6348.23272235 
6348.56144807 
6348.62797521 
6348.73737283 
6349.19875592 
6350.34445623 
6350.45506353 
6350.89593313 
6352.52287520 
6352.70675082 
6354.25780526 
6355.27379140 
6355.62996175 
6355.91072834 
6356.21965438 
6357.02288965 
6357.67918140 
6358.62076252 
6358.69410782 
6359.13120043 
6359.36839872 
6359.48294096 
6359.67433856 
6361.29346770 
6361.41476013 
6361.57393238 
6362.03659012 
6362.25109451 
6363.27171940 
6364.25403557 
6364.42758096 
6364.64879055 
6364.80192342 
6364.89389672 
6366.18006128 
6366.29275901 
6366.40614256 
6366.68779191 
6367.23979966 
6367.58460305 
6367.66273906 
6369.57550832 
6370.79600152 
6371.94393320 
6372.12454369 
6372.46061442 
6374.13982041 
6374.26954756 
6374.82492339 
6374.92833462 
6375.94706500 
6376.02223481 
6376.27237862 
6376.71088784 
6376.93064581 
6377.49497524 
6377.96650459 
6378.35691572 
6378.47189684 
6378.63399330 
6378.76007844 
6378.94450990 
6379.00309516 
6379.09696995 
6379.17193281 
6379.56701469 
6379.67310320 
6379.79276606 
6380.47365517 
6381.26409286 
6381.36039599 
6381.48272314 
6381.62026019 
6381.75941482 
6381.97346632 
6382.69295607 
6382.79771193 
6383.09792729 
6383.22446330 
6383.34391422 
6385.46248416 
6385.58238396 
6385.75706104 
6385.84070957 
6386.77965336 
6387.08604606 
6387.39541996 
6387.86484487 
6388.34016719 
6388.41855114 
6388.81312215 
6389.38829965 
6389.48410792 
6390.12833487 
6390.38900085 
6391.13366883 
6391.17827884 
6391.51873939 
6392.36836317 
6393.19879210 
6393.80128127 
6394.04866581 
6394.72984484 
6395.04807236 
6395.54125388 
6395.62052858 
6396.61019274 
6396.71558943 
6396.95024739 
6397.19380697 
6397.38911151 
6397.45227854 
6397.61025910 
6399.20753104 
6399.94925779 
6400.01302266 
6400.69759177 
6402.93539663 
6403.01306077 
6403.78456052 
6403.86231464 
6404.62735212 
6405.09049171 
6405.09049171 
6406.44588661 
6406.44588661 
6408.90375134 
6413.61424091 
6414.04262083 
6414.14102439 
6414.32720738 
6414.49451643 
6414.70178475 
6414.81241703 
6414.95261237 
6415.11729013 
6415.26296699 
6415.40451196 
6415.53794612 
6417.83142698 
6417.90657279 
6418.37041418 
6422.10717829 
6422.89770192 
6424.16546732 
6424.81343224 
6425.63633516 
6427.40451412 
6427.50384944 
6428.77374426 
6429.32034141 
6432.95768418 
6434.64863487 
6434.79349595 
6434.89249136 
6434.99269443 
6435.12663945 
6435.90291288 
6436.46193869 
6436.67021373 
6437.10625058 
6437.24072545 
6437.60125459 
6437.76165449 
6438.30843458 
6438.38613071 
6438.60101098 
6438.67693358 
6440.23837305 
6440.35498572 
6441.28123186 
6441.90058345 
6445.56325536 
6445.63906999 
6446.13592749 
6446.77094887 
6447.19060711 
6447.45725446 
6447.54939671 
6447.62428659 
6447.99371932 
6448.08327026 
6448.31941881 
6448.72585061 
6448.83609399 
6449.51934240 
6449.80870366 
6450.00575971 
6450.28241637 
6450.37120952 
6450.59657196 
6450.69767180 
6450.95430184 
6451.25984175 
6452.05867311 
6452.84504481 
6452.95084039 
6453.04172397 
6453.34647308 
6453.55141502 
6454.62805673 
6455.26468867 
6455.39067481 
6455.48968821 
6455.59686441 
6456.06213539 
6456.16579154 
6456.39042718 
6456.50009971 
6458.41765346 
6458.45928128 
6458.87846364 
6459.11682060 
6459.29784695 
6460.02996623 
6460.47460276 
6460.69451966 
6460.93753536 
6461.06728650 
6463.38921358 
6464.40028090 
6465.58653114 
6465.69682950 
6466.35833575 
6466.55183375 
6466.71611761 
6467.14807754 
6467.22433105 
6467.55647280 
6467.67505693 
6467.80536391 
6467.92250944 
6468.04955630 
6471.09290650 
6471.21361706 
6471.54351341 
6471.65762875 
6471.93917109 
6472.42991422 
6472.96440759 
6472.96440759 
6474.74294366 
6474.74294366 
6474.79632132 
6474.79632132 
6475.32334169 
6475.32334169 
6478.61653073 
6478.73885886 
6478.94194428 
6479.95639767 
6480.08569292 
6480.44385568 
6480.61066185 
6481.14513822 
6481.30068942 
6483.08330037 
6484.07031613 
6484.17256065 
6484.61836885 
6485.01389456 
6485.15111168 
6485.25855881 
6485.37805669 
6486.22524602 
6486.64287179 
6486.83210494 
6486.97272715 
6487.07588442 
6487.48075862 
6488.88300478 
6490.58387068 
6490.73737843 
6491.41069548 
6493.19748829 
6493.77739544 
6493.96897795 
6494.62801384 
6494.98084102 
6495.25556918 
6495.33788806 
6495.92235899 
6496.02987509 
6496.96441393 
6497.05578438 
6497.49042957 
6498.76833912 
6499.10490367 
6499.64505550 
6500.65741343 
6501.36190109 
6501.99134492 
6502.18244756 
6503.51191626 
6503.89902322 
6503.99152936 
6504.22644022 
6506.13724467 
6506.23207819 
6506.37817292 
6506.51284672 
6506.66431102 
6506.83610784 
6506.98670237 
6507.14887978 
6507.31671268 
6507.51046660 
6507.56072109 
6507.68939651 
6507.85546688 
6507.94400608 
6508.05903716 
6508.17678552 
6508.36092103 
6509.48841400 
6509.60612336 
6509.71042033 
6509.85154840 
6509.95804977 
6510.16216392 
6510.26268590 
6510.36590816 
6510.71176720 
6510.99853313 
6511.25209598 
6511.35803350 
6511.50635264 
6511.58013481 
6513.05143337 
6513.84538698 
6514.29277173 
6514.37732900 
6514.47388505 
6514.69378195 
6516.14719631 
6516.72212878 
6518.44392400 
6522.04241980 
6522.49936298 
6522.57922152 
6524.40728816 
6524.49970632 
6524.67539410 
6524.79587371 
6524.94335207 
6525.06804456 
6526.58120884 
6526.90605552 
6527.27183721 
6527.89558455 
6528.02154469 
6528.13638982 
6528.22436118 
6528.38622567 
6528.50821788 
6528.60643748 
6528.77210195 
6528.89715234 
6529.00621202 
6529.10455659 
6529.17478371 
6530.49339428 
6530.57521529 
6530.70296895 
6532.22304836 
6532.87632876 
6532.94612400 
6536.14454027 
6536.71838102 
6537.17543417 
6537.50686908 
6537.61457912 
6539.19159322 
6539.38441239 
6539.48016265 
6540.42507365 
6540.53833421 
6541.44548036 
6541.77476485 
6542.04982291 
6542.37516845 
6542.37516845 
6542.51203566 
6542.51203566 
6543.36479343 
6543.36479343 
6544.59673428 
6544.59673428 
6545.71886763 
6546.77628339 
6547.02491055 
6547.35235153 
6547.53711686 
6548.53231634 
6548.66156160 
6548.93205888 
6549.06287872 
6550.18528300 
6550.54876029 
6551.49999558 
6551.70562030 
6555.47270263 
6555.96571709 
6556.05726148 
6556.21704953 
6556.72467407 
6556.80422768 
6558.72947212 
6558.87578279 
6559.08801274 
6559.21140257 
6559.43274007 
6559.60459287 
6559.75243412 
6559.87213394 
6560.05686528 
6560.21139974 
6560.35325960 
6560.76214268 
6560.85114176 
6560.97559430 
6562.01174675 
6562.10561751 
6563.34232905 
6564.18866052 
6564.44499261 
6564.96052002 
6565.06876992 
6565.89482285 
6565.97866730 
6566.19893909 
6566.33012982 
6566.54980876 
6566.67485814 
6569.06183943 
6569.12506443 
6569.63221309 
6569.70069868 
6571.39902010 
6571.68048643 
6571.92728907 
6572.02764409 
6572.77958394 
6572.88090270 
6573.33357600 
6573.47661854 
6573.62979136 
6573.71452159 
6574.81678824 
6574.98314252 
6575.13932153 
6576.12327100 
6577.56119441 
6577.65628085 
6579.47991556 
6580.11932065 
6580.22985993 
6584.61292252 
6584.90932983 
6585.19340445 
6585.33934321 
6585.49593111 
6585.69405684 
6585.80553087 
6586.00105530 
6586.13657987 
6586.38079321 
6586.45534816 
6586.62449169 
6587.10413273 
6587.16621704 
6587.32017264 
6592.55439034 
6593.46204930 
6593.60801605 
6594.44284359 
6594.66453099 
6594.89051223 
6595.46550463 
6595.56866089 
6595.68795682 
6595.79635867 
6596.11300253 
6596.41142129 
6596.96029972 
6597.05314375 
6597.37790743 
6598.03257341 
6598.12640318 
6598.67520562 
6599.48225262 
6600.73099686 
6601.12928477 
6602.76252363 
6603.02793726 
6603.46405999 
6603.62051393 
6603.78656328 
6604.01197267 
6604.85343042 
6605.41695489 
6608.44513566 
6610.71147326 
6610.91533145 
6612.58830760 
6612.76840117 
6612.86785443 
6613.78283140 
6613.78283140 
6614.11507206 
6614.11507206 
6614.34730561 
6614.34730561 
6614.44224008 
6615.07230966 
6615.07230966 
6615.15765071 
6615.27555501 
6615.33977374 
6615.33977374 
6616.68703847 
6616.84489602 
6617.05897945 
6617.51595857 
6618.16496305 
6618.39943700 
6619.94589716 
6620.40776696 
6622.60230784 
6623.48717589 
6623.62561467 
6623.78056100 
6626.12206735 
6628.16782822 
6628.33846834 
6629.02124973 
6629.23991793 
6631.17543844 
6631.26654494 
6631.56768795 
6632.08353623 
6633.45736679 
6633.57902007 
6633.78376001 
6635.08751041 
6637.20268460 
6637.32714313 
6638.22102874 
6638.76879543 
6638.91190295 
6639.74076105 
6641.99263246 
6642.13341560 
6646.21454705 
6646.31967078 
6646.54074933 
6646.72775304 
6646.81017887 
6646.94645122 
6647.09962003 
6648.34399037 
6648.49575656 
6648.65839482 
6648.76368450 
6648.95783429 
6649.11464912 
6649.27680051 
6650.56029633 
6651.16591945 
6651.26916569 
6651.36639454 
6653.60208127 
6654.10998867 
6654.22977146 
6654.36835219 
6655.07009346 
6655.48895481 
6655.76257622 
6655.92604826 
6656.85956919 
6656.93662147 
6658.18454484 
6658.67718835 
6660.67598377 
6663.69642842 
6664.05087809 
6666.35862841 
6667.13181945 
6668.66452322 
6668.81572755 
6668.93930331 
6669.24323157 
6669.45037086 
6669.53878808 
6669.63385950 
6670.72363740 
6671.27968184 
6671.36057808 
6671.82640979 
6672.11289374 
6672.40615086 
6673.28208427 
6673.41145247 
6673.57999614 
6674.69696871 
6677.96060590 
6678.70686818 
6679.63688203 
6680.08162640 
6682.83751014 
6683.36722466 
6684.04684086 
6684.29325758 
6684.78841939 
6686.21541556 
6686.21541556 
6687.12382722 
6687.12382722 
6689.78121143 
6689.95771995 
6691.39159826 
6692.12801417 
6692.22676161 
6692.72633523 
6693.11760498 
6693.20673001 
6694.00610599 
6694.49630713 
6694.67693054 
6695.01631625 
6695.18070503 
6695.69940951 
6696.14056084 
6696.28920886 
6697.35244485 
6697.71249600 
6698.47081802 
6698.61249591 
6698.87433248 
6700.51787537 
6700.74969801 
6700.80439030 
6701.38278771 
6701.54601481 
6701.87203711 
6702.01427584 
6702.73736234 
6703.22494118 
6703.35504918 
6703.89584670 
6704.05064406 
6705.97515937 
6706.09128313 
6706.25203289 
6707.49812168 
6707.76175477 
6707.91604226 
6708.07935033 
6708.14281326 
6708.28712844 
6708.84057056 
6710.32625090 
6710.54289062 
6710.86778123 
6711.07808565 
6711.25201286 
6711.49476056 
6711.72510760 
6711.85741800 
6712.01649521 
6712.19485923 
6712.34608155 
6712.52329488 
6712.70612769 
6712.85463474 
6713.45787547 
6713.59993025 
6713.96978076 
6714.49682898 
6714.68571516 
6715.18814900 
6715.41615866 
6715.51434425 
6715.95408495 
6717.38483206 
6717.67763929 
6720.80448412 
6721.07892529 
6721.61776933 
6721.71201297 
6721.86767610 
6721.95619428 
6722.43189431 
6722.56571631 
6722.89015303 
6723.34100474 
6725.37048776 
6725.47013196 
6726.31065183 
6726.94800137 
6728.11830353 
6728.75874923 
6729.93325225 
6730.88511517 
6731.57201638 
6731.67071083 
6732.01216196 
6732.06828886 
6732.64949950 
6732.87100691 
6733.31449459 
6733.74861280 
6734.85645675 
6735.00694827 
6735.12631115 
6735.95517216 
6736.11993583 
6736.30244473 
6736.49711336 
6736.68918368 
6737.08927904 
6737.28089449 
6737.51817165 
6737.64271115 
6737.73094041 
6738.18017955 
6738.92040540 
6741.92216280 
6742.49860171 
6742.88424496 
6743.19925321 
6744.70299763 
6744.80077633 
6745.17495565 
6746.13770063 
6747.17227428 
6747.96403026 
6749.31676330 
6751.42740643 
6753.65946088 
6754.26630261 
6754.37295491 
6754.62093419 
6756.16346816 
6757.10917171 
6757.34895120 
6758.20303140 
6760.29066569 
6760.66664053 
6760.66664053 
6760.89249776 
6761.42815863 
6762.50125590 
6763.33133555 
6764.35257077 
6766.61207881 
6767.31894561 
6767.94236487 
6769.12638828 
6769.38747603 
6770.10507194 
6770.17289969 
6772.17256763 
6772.24406039 
6773.09638205 
6773.76957391 
6773.89523210 
6774.07955950 
6774.38686181 
6775.10180743 
6775.36240031 
6777.51399436 
6777.59706400 
6778.31327628 
6779.07960608 
6779.32373139 
6779.93352430 
6780.12550364 
6781.53826948 
6781.66426358 
6781.78415032 
6781.90319929 
6782.02807168 
6782.16764313 
6782.30954494 
6782.46392040 
6782.60786667 
6782.78041624 
6782.92897326 
6783.09424679 
6783.66173408 
6784.79391143 
6784.92855520 
6785.58148650 
6786.36278526 
6787.52994418 
6787.73655059 
6788.71752461 
6788.84023959 
6789.00288982 
6790.39306273 
6791.23485920 
6792.67364403 
6793.11927911 
6793.29823595 
6793.49621268 
6793.71344122 
6794.67337890 
6794.79846024 
6794.96708286 
6795.04951868 
6795.48236220 
6795.79772234 
6796.78263929 
6797.46290623 
6797.83361047 
6798.48731256 
6798.74641483 
6800.46553220 
6801.04697573 
6802.41588735 
6802.78565684 
6803.17812422 
6803.30389837 
6803.47856537 
6804.73812940 
6805.46791401 
6805.74952822 
6807.04321307 
6807.11354015 
6807.31800412 
6807.80943687 
6808.53156453 
6808.63018399 
6809.09932074 
6809.31701816 
6809.51016018 
6809.67735218 
6810.55054919 
6811.50009265 
6811.96356292 
6812.49142286 
6812.77540344 
6812.97168461 
6813.35969519 
6813.50454821 
6813.61267611 
6813.96407654 
6815.61180310 
6815.87319375 
6816.82799879 
6817.38311339 
6817.82750779 
6818.28927752 
6818.38620643 
6818.53091249 
6819.00574470 
6819.55948567 
6819.80177946 
6823.50768409 
6823.81882835 
6823.91682997 
6824.10556718 
6824.67760322 
6825.93795002 
6826.03249258 
6826.14899622 
6827.24924510 
6828.21273279 
6829.03556234 
6829.34752138 
6831.25339143 
6832.18538459 
6832.27477353 
6832.89262024 
6833.37871542 
6834.05908630 
6836.87844748 
6837.49731891 
6839.29445521 
6839.58959778 
6842.73418340 
6845.37903153 
6845.86764801 
6846.47885550 
6846.58948373 
6847.44367082 
6847.52546280 
6847.61939652 
6847.99625408 
6849.04826093 
6850.53883272 
6850.69369104 
6851.88496139 
6852.35428207 
6854.10934967 
6854.23272646 
6854.51025076 
6854.75373522 
6854.86999593 
6855.31549401 
6855.69027014 
6856.97524226 
6857.32653371 
6857.41767517 
6857.51669252 
6858.92384276 
6859.78284654 
6859.89949614 
6861.26917946 
6862.75842559 
6862.86714233 
6863.09548686 
6863.53510553 
6865.13353327 
6865.39557373 
6866.15708575 
6866.36637641 
6866.76306663 
6868.04902348 
6868.45127820 
6868.63935058 
6868.98694401 
6870.15191642 
6870.23936088 
6872.94297111 
6873.05427615 
6874.09201980 
6874.20336383 
6874.75319182 
6874.97890307 
6876.29264642 
6877.30171679 
6877.87374680 
6878.04579449 
6878.40665135 
6879.58245283 
6880.77228254 
6882.81109770 
6883.13756182 
6883.31490008 
6883.83972980 
6884.40230735 
6884.52249000 
6886.40806041 
6886.61248837 
6887.08811933 
6888.72105774 
6888.83444522 
6889.05147579 
6889.30314404 
6892.24942789 
6892.63906300 
6892.77981311 
6893.61517622 
6894.23054356 
6895.24867447 
6895.38668432 
6895.52732346 
6895.67478376 
6895.74427105 
6895.83881360 
6896.00538976 
6896.78753020 
6897.00303918 
6897.25808052 
6897.46898274 
6900.00567083 
6900.09604750 
6900.23150604 
6900.36487013 
6900.50594615 
6900.66737069 
6900.76376774 
6900.87129080 
6901.01596285 
6901.20346237 
6901.40496712 
6901.61394586 
6901.83216511 
6902.06521537 
6902.21167394 
6902.30784205 
6902.82129482 
6902.92512987 
6902.99055626 
6903.09401040 
6903.67371634 
6903.84589498 
6903.97768250 
6904.08171450 
6904.29090818 
6904.45934283 
6904.60285719 
6904.72269493 
6904.95785162 
6905.17134515 
6905.30509014 
6905.40518019 
6905.53719865 
6905.65508991 
6905.85598483 
6906.03079377 
6906.10652238 
6906.40942083 
6906.58862958 
6906.69867996 
6906.79889098 
6907.07927049 
6907.19931018 
6907.37331233 
6907.59709209 
6908.34436890 
6908.46312893 
6908.61548691 
6908.90418719 
6908.98973915 
6909.13813320 
6909.22463291 
6909.35879479 
6909.68431516 
6909.84922376 
6910.23428309 
6910.29656232 
6912.53184653