3786.382
3789.168
3790.795
3798.103
3803.075
3809.456
3818.686
3823.068
3828.384
3830.774
3834.679
3840.800
3842.897
3845.406
3846.888
3850.581
3852.135
3868.528
3879.644
3886.916
3891.979
3895.419
3898.437
3903.102
3911.909
3914.768
3916.418
3919.023
3923.800
3933.661
3946.392
3950.395
3956.691
3959.300
3962.420
3967.392
3974.477
3979.356
3990.492
4001.894
4005.093
4008.210
4012.495
4019.129
4024.803
4027.009
4032.595
4039.864
4042.894
4045.965
4052.921
4054.526
4059.253
4063.407
4067.451
4072.385
4075.503
4081.368
4083.469
4086.520
4094.747
4100.341
4103.912
4116.714
4127.412
4131.002
4134.068
4135.480
4142.701
4156.086
4162.509
4165.766
4170.533
4181.883
4184.138
4194.936
4201.972
4204.041
4208.411
4210.923
4214.828
4217.431
4220.065
4222.637
4228.158
4230.427
4235.464
4241.095
4248.391
4253.538
4256.254
4258.520
4260.333
4262.612
4269.943
4276.807
4278.323
4286.229
4288.670
4291.810
4297.306
4300.650
4304.957
4307.176
4311.799
4315.254
4318.416
4320.274
4325.274
4328.915
4330.844
4332.030
4338.895
4340.895
4342.444
4345.168
4348.064
4367.870
4375.954
4379.667
4385.057
4408.883
4426.001
4433.838
4448.879
4458.001
4474.759
4481.810
4493.333
4510.733
4515.118
4522.323
4530.552
4545.052
4555.813
4561.348
4570.972
4579.350
4589.898
4592.666
4598.763
4609.567
4628.441
4633.766
4637.233
4657.901
4663.203
4668.172
4669.984
4673.661
4676.055
4686.195
4695.038
4702.316
4703.990
4723.438
4726.868
4732.053
4735.906
4764.865
4766.601
4778.294
4789.387
4806.020
4808.134
4813.896
4826.700
4840.849
4847.810
4863.172
4865.477
4872.917
4879.863
4889.042
4894.955
4904.752
4919.816
4933.209
4939.642
4943.064
4945.458
4965.080
4972.160
4982.487
4985.373
4993.749
5002.097
5009.334
5017.163
5019.806
5028.656
5039.320
5044.720
5047.043
5059.861
5062.037
5067.974
5090.545
5096.485
5100.621
5115.045
5125.765
5141.783
5145.308
5151.612
5154.243
5158.604
5162.285
5165.773
5187.746
5195.814
5199.164
5211.230
5213.349
5219.110
5221.271
5231.160
5247.655
5252.788
5258.360
5260.104
5266.710
5296.279
5300.523
5317.495
5326.976
5343.581
5360.150
5362.575
5374.822
5379.110
5384.301
5386.611
5390.440
5394.761
5407.653
5410.769
5417.486
5421.352
5424.008
5431.112
5439.989
5457.416
5464.205
5467.170
5495.874
5499.255
5504.302
5506.113
5509.994
5514.873
5524.957
5539.262
5548.176
5554.070
5558.702
5579.358
5587.026
5595.063
5597.476
5606.733
5615.319
5650.704
5665.180
5677.053
5681.900
5685.192
5691.661
5700.917
5707.103
5720.183
5725.388
5739.519
5741.829
5753.026
5760.551
5763.529
5768.181
5772.114
5773.946
5789.645
5800.829
5804.141
5812.972
5815.422
5832.370
5834.263
5860.310
5863.718
5882.624
5888.584
5891.451
5912.085
5914.671
5928.813
5938.825
5942.668
5944.647
5973.665
5987.302
5991.007
5994.129
5998.999
6021.036
6025.150
6032.127
6037.697
6043.223
6049.051
6059.373
6088.030
6090.785
6098.803
6114.923
6145.441
6151.993
6155.238
6169.822
6182.622
6188.125
6191.905
6198.223
6203.493
6207.220
6212.503
6215.938
6224.527
6234.855
6243.120
6248.405
6261.418
6274.117
6296.872
6303.251
6307.657
6342.859
6348.737
6355.910
6364.894
6369.575
6371.844
6376.931
6384.717
6403.013
6406.446
6411.899
6416.307
6431.555
6457.282
6462.595
6466.553
6483.083
6490.737
6512.364
6531.342
6538.112
6554.160
6577.214
6583.906
6588.540
6591.484
6598.678
6604.853
6632.084
6643.698
6662.269
6666.359
6677.282
6684.293
6698.876
6719.218
6727.458
6752.833
6766.612
6780.125
6791.235
6818.260
6827.249
6834.925
6861.269
6871.289
6879.582
6911.226
6937.664
6943.600
6951.478
6960.250
6989.655
7000.804
7018.567
7030.251
7084.169
7107.478
7125.820
7130.185
7131.359
7140.462
7147.042
7150.284
7153.588
7156.942
7159.947
7162.557
7168.895
7173.373
7191.133
7206.980
7208.006
7212.690
7220.981
7225.110
7229.939
7233.537
7240.185
7246.128
7255.354
7258.177
7265.172
7270.664
7272.936
7284.903
7296.266
7305.404
7311.716
7316.005
7324.807
7329.491
7335.577
7339.604
7341.152
7350.814
7353.293
7361.347
7372.118
7376.877
7380.426
7386.345
7402.252
7412.337
7422.312
7425.294
7428.941
7435.368
7444.749
7447.849
7455.208
7461.875
7471.164
7481.355
7487.974
7503.869
7514.652
7525.508
7536.436
7549.314
7567.742
7589.315
7607.823
7616.682
7627.175
7635.106
7647.379
7653.828
7658.325
7670.058
7676.220
7685.308
7704.817
7713.938
7723.761
7731.739
7742.563
7762.732
7771.947
7782.317
7788.934
7793.133
7817.767
7834.458
7847.539
7861.910
7865.970
7872.632
7886.283
7891.075
7916.442
7937.734
7948.176
7954.592
7972.596
7974.159
7978.973
7987.973
7993.681

